[ 413.91542384  416.18431477  447.80708772  484.77511946  647.6884333
  399.81101338  438.93217602  458.60621355  498.66559322  400.05622303
  414.94876292  439.03515983  455.67081576  463.88230826  409.1824066
  414.0160623   395.16865433  498.68942058  510.91689924  501.17869149
  376.23963651  358.84039742  399.38604486  431.91900848  409.30313345
  397.95342306  403.84892271  397.90585314  395.10255163  383.88628784
  445.5197038   455.79198301  544.69910411  316.21156391  344.48832082
  385.04783428  388.08589148  382.8567636   427.80605412  503.47953412
  529.62096711  423.26751209  857.19017862  478.60987093  363.33286382
  350.30263985  334.3984493   336.14629766  382.81187376  439.84984931
  545.0772472   624.60740844  548.34511141  592.03507305  430.33335078
  382.95058307  368.47753406  507.04271205  614.1408184   715.67768551
  717.63547395  687.48958991  668.48737948  671.15644784  685.47716941
  717.25215509  535.4644331   514.21407027  479.78798797  422.17583181
  365.23733749  314.96705873  389.44462149  570.11734482  683.15819591
  721.41040358  612.47557547  619.7718943   633.1691595   630.71547365
  651.37166836  556.66321596  523.93755699  561.25434857  538.28156936
  505.79202825  433.53934646  531.34928802  837.13280433  685.89168208
  593.3447656   552.27046518  558.78858985  520.00843369  508.4237591
  520.11840094  477.27009731  573.10023931  533.69574456  566.51313332
  636.21104815  803.92925363  745.98595159  728.75316591  544.54073107
  492.3594202   439.28824215  397.1163531   469.39297617  477.13380206
  520.05390067  600.77343776  586.67880023  575.13638484  602.56639421
  563.97770597  475.69810141  501.9142671   463.02381717  470.22899074
  500.13628982  590.43880095  795.49036568  832.09818695  679.20667294
  683.80028156  591.7747543   587.81772268  637.8070489   597.62314738
  495.89376093  489.94887609  470.25615136  469.73048344  473.16689775
  503.38181854  625.71464192  915.47676119  612.34539713  646.7202655
  651.96326028  656.08280047  664.92347677  587.36012501  583.02642651
  562.07013852  493.88877958  431.29627637  447.87241131  454.86343851
  644.20514355  598.49145742  593.48282548  624.09583071  617.31822019
  606.13153423  628.63505369  613.09626388  605.13345923  582.14483321
  600.0809496   584.81290369  555.31738883  515.06789826  423.4804053
  550.6203533   900.52940805  516.08691981  554.37336074  555.36043027
  576.33418254  569.0004602   567.8693447   560.04976811  526.73527703
  443.35262524  485.62428272  687.49805917  547.7457256   482.49004609
  507.58249312  472.22634556  486.54476645  569.96136328  541.20240183
  479.66003781  386.63773857  536.05627794  550.93151238  585.83473803
  566.4463204   497.72638249  514.15803975  492.13046381  460.44404038
  427.19201697  421.41038202  456.51397986  430.19027384  373.11540439
  411.49397993  488.64470489  554.03349655  537.80140663  584.5637987
  532.29006854  439.79095396  416.66464702  392.04494306  657.39418603
  466.34643116  476.91878013  537.92434863  558.69425733  551.15373107
  498.70813693  457.30231929  408.35626999  417.49336435  467.87750276
  434.20520216  529.20156786  436.30438784  487.01430552  455.13806486
  476.98429653  468.83617358  518.39828527  533.54114449  533.31857959
  518.05017591  532.74370633  553.29044437  500.40716334  487.58726108
  544.47413511  557.63058042  456.6873702   504.87118282  487.75218759
  416.50638414  523.41221431  541.3690885   549.27273308  563.91407874
  658.34902726  722.71839369  618.79926849  494.38606887  493.59147053
  412.1115186   390.58109811  392.70805847  411.10644872  456.01951462
  506.63276359  561.9622424   460.6781123   407.89796436  404.5038795
  432.87537744  494.53618937  487.37805804  643.47875314  526.23507031
  438.33217594  395.98381341  397.50765601  441.56989793  469.68732135
  484.21411216  419.74496817  415.6750575   419.71254515  419.7260967
  409.99891702  411.09244146  497.70260224  596.82698689  444.32980198
  384.56084897  397.53824242  395.57273658  400.29684995  420.19839409
  461.71435915  446.79831108  385.61181078  386.3644429   403.6701023
  417.41476096  394.21761931  549.90681461  620.57159806  551.4715134
  497.08870286  489.99868178  471.39830246  432.93434259  381.52113822
  372.11874903  396.73478254  403.56721444  402.98480881  395.14637646
  996.91405814  733.18122854  680.05764218  685.40539151  634.4999061
  599.08997814  497.80957052  489.6375237   446.88371988  438.49483997
  347.13613223  366.2815386   392.50418902  399.01767196  399.29267718
  875.05371329  847.44455956  725.29448214  636.13557053  516.5313433
  450.52226103  455.49876601  421.4845225   420.19975318  384.97535383
  362.12886853  352.73052978  373.27680029  411.30717335  414.28051749]
[ 451.62236788  440.2388913   440.98081964  424.22971638  419.19033494
  440.66618991  445.56380885  434.18334899  448.78027354  435.82333779
  424.8708802   439.54131121  446.86780111  464.72129384  458.37762806
  442.87611624  428.08387876  415.48093764  415.4343693   461.2217531
  463.06088586  457.03939538  449.62348943  437.25998939  447.81090136
  465.56257122  502.73233172  534.1060168   495.63763213  467.63424467
  474.35032676  528.37163578  447.82052212  458.43642279  460.8913149
  463.28227304  458.64575225  485.76542869  586.10950307  665.77472437
  657.31087306  583.74147783  412.58680724  437.78548687  454.03828554
  467.42068128  472.9708577   495.71754523  520.6018211   556.47856826
  669.2963447   824.61775142  707.61022291  421.13555444  441.02424269
  466.54446257  563.56632904  650.0431304   717.55339175  892.24386004
  946.35625565  962.24211904  948.98895964  898.00543324  870.88053065
  862.55217165  412.68436394  463.15721601  436.42515505  445.99012399
  451.52307477  467.23338036  568.45587324  667.70241051  731.26837202
  759.76974326  830.18197578  888.52230526  839.05045177  814.52036539
  798.23861222  658.05248104  464.97381509  466.69770038  465.61192656
  452.78202109  462.05909271  506.89529499  640.40492425  650.9907267
  671.14407333  680.66580568  701.29075127  725.68239923  618.25003725
  586.86304614  550.03565485  484.1156155   493.97765925  510.13836544
  509.71118701  515.51829956  515.57579732  513.46933032  513.3777313
  509.11992688  522.93389803  483.4126874   479.163253    480.87377186
  485.63424545  523.99885464  479.66140281  480.1775154   471.22770708
  513.25992382  511.84922903  487.68389962  475.79495139  471.15515594
  491.65804545  493.87207386  472.86255526  475.34758705  482.99056861
  455.0358994   465.33688112  429.77096979  472.02417647  494.60343456
  488.39237709  473.68777204  470.69033163  492.29031167  508.36504428
  501.05660424  479.87002044  479.56874333  472.00525642  506.44165981
  439.74135738  448.27611038  479.77568282  499.33989114  452.95942399
  442.55429985  457.81550946  477.97440782  525.17771991  530.85651444
  485.65833631  476.35723078  495.53543283  471.61609209  470.19096001
  461.5101527   463.38023316  462.88915097  466.93243568  460.66564756
  451.51914884  461.93125963  470.02904389  477.09712296  551.35842881
  512.89719495  509.20858352  457.59691127  473.35508451  481.20328377
  478.57409315  429.4484727   445.24591139  464.0500512   473.21518583
  548.53316544  529.06038742  524.85805737  462.28429103  476.1698177
  477.27184883  479.28676915  477.26605134  454.76133995  466.16538466
  482.07697771  544.31082504  521.13788836  476.82323317  511.51885363
  534.88604478  527.33273085  507.40892175  542.59979194  580.01972083
  575.06401835  538.44174654  502.26815753  504.51405335  556.00709511
  560.10669421  544.50504965  526.07885304  545.88235907  489.06840035
  499.82480959  598.58989775  540.33446191  544.38327043  495.14355224
  542.62079111  546.30581105  517.94326554  463.26358095  459.05177991
  447.56578504  490.29840401  505.69648605  461.48102636  470.73417495
  489.57428363  462.48922455  471.7606891   531.89870725  546.68322993
  551.05989409  541.86491359  519.85170254  479.36673863  455.74778418
  499.22349329  468.78071658  481.6981145   484.06842484  490.86645472
  489.63457945  460.3795385   471.02156082  536.16900664  553.34810805
  458.62085347  476.96859852  466.03502317  411.6401831   410.37333207
  421.92704325  467.16553284  503.10593055  482.28723314  528.25280441
  521.00342918  524.66524752  485.93992474  456.27647757  463.37679273
  491.11590254  490.04752601  453.12723775  419.39890316  474.525974
  512.03913806  496.0238706   500.64344334  467.99412358  469.79675387
  471.47633234  462.86416948  448.51642513  421.07321323  438.30646389
  443.90422736  423.35648932  428.53414215  459.61799761  493.97116708
  481.69396911  441.7175798   447.34997834  463.92469756  497.75161208
  475.82340186  462.37196452  465.22858163  464.21452145  458.54629715
  451.32763292  453.27841574  445.69070925  420.06266989  421.23022626
  441.11501488  427.33596273  495.46182244  467.05654118  469.17141321
  500.16046865  499.0908746   489.71715854  470.90518569  470.51699396
  443.45398044  420.04053591  429.0663459   439.30007692  435.75902884
  458.80763143  489.94316226  488.46306479  491.58901688  496.9483884
  490.42276557  504.10823612  498.17534889  488.38819529  479.6124141
  443.45311938  421.18766957  423.5163691   440.76187146  425.96033318
  466.83031923  472.11274032  489.32897635  465.39570817  461.18578394
  449.20999799  450.86647215  440.73447052  435.68402505  421.52622592
  430.04179502  441.65493484  448.14488107  437.05590189  437.29602231]
[ 567.41042517  533.48828604  559.95343754  562.88155264  582.7362415
  536.7778019   539.94275831  536.84634609  535.1681119   529.93342232
  506.83892622  514.71737608  525.34812186  529.57952021  529.77642915
  541.63740433  566.67187867  554.69260665  564.943245    574.22451352
  533.38297003  557.77826509  551.97007811  526.76500973  521.5936543
  511.02945948  521.7807382   571.0346877   543.26889772  537.2569728
  547.39676419  563.36244822  570.96602925  558.44225122  522.72283739
  532.16369568  533.75445049  541.80874883  601.78164621  668.28442719
  715.22684209  658.99106738  532.22805249  570.66329928  558.09505849
  542.97502701  529.3908058   550.90979688  556.74399655  577.6375148
  678.19554883  816.88157936  754.35017579  499.34007113  523.48041974
  532.91870705  603.2862932   670.42311641  740.69785654  891.52132666
  900.89786775  906.34605121  894.35434672  859.33576767  847.14530712
  852.87295475  503.44008106  549.19924881  521.17831856  519.42706514
  541.57878438  552.56934842  611.44695643  688.22534349  755.68650334
  802.13523731  839.96565172  839.0310965   861.31520106  808.49095267
  807.80519803  700.36254763  453.33857328  525.99212698  535.017304
  526.51181672  561.24017943  604.98497748  757.56413712  715.56219934
  691.78206379  705.99023191  749.59132007  764.13402593  661.8657312
  659.10434394  616.23223373  476.31666105  553.08038593  579.81148897
  591.92114072  612.25185696  590.39362856  596.27053672  592.29537174
  617.37896316  634.49366737  607.83388662  591.457977    587.72457632
  569.33296774  479.80170326  501.12929724  511.96179615  531.46817169
  565.08599976  577.67604697  561.30888851  553.12357112  543.88629755
  569.91567486  577.61809817  570.73497411  575.99040195  582.54052837
  537.17404137  504.14789896  496.56241097  530.68933596  554.41853469
  552.21090016  550.2832709   556.84873236  579.08445284  568.96954332
  558.33039267  574.08539177  543.64691821  567.76708616  539.82045528
  516.85615754  532.68212995  567.89743002  580.86764186  542.97691463
  541.27456039  550.31072727  554.89921367  563.18843407  562.24347766
  559.06171414  627.52997245  549.35000515  534.92464531  540.62460593
  543.02675113  544.25571837  544.86234548  543.41124046  537.3865955
  528.15885198  533.09446948  554.05119552  569.80314138  579.55737821
  573.17978946  543.87348896  544.26684934  551.63184608  555.79027905
  556.78388352  487.95534395  499.71390427  537.60071972  571.56082567
  582.24768823  593.15272764  583.6094652   622.56733     563.4748304
  556.02507999  536.61054403  530.58940552  514.63700819  504.05562442
  505.23524389  576.86499663  587.50854787  626.81575133  582.5454549
  572.05582813  569.65123678  561.04077056  558.51693294  586.08410951
  582.83097815  566.04364117  557.59621967  564.06324061  588.12594569
  597.66320827  601.09156682  584.96015877  612.37332045  555.2368522
  534.80534799  587.6482626   557.80222819  583.47635551  562.91285172
  591.66190861  588.80275371  560.34398078  526.11487476  534.53815787
  507.21996297  536.60379242  528.63331838  497.5726236   515.99026323
  536.99761191  547.83869666  517.43768475  590.79425106  612.93925644
  617.11806297  603.04169488  575.44803119  522.50990431  509.99074943
  533.97986796  515.99347802  531.74035775  543.08196141  546.41039373
  553.20678043  541.19799179  543.89125529  597.9870393   613.9853889
  516.48644873  527.84250064  535.06701114  523.4250808   542.00627609
  547.41292322  578.03207596  567.02626759  514.10399411  612.53301198
  583.46634981  577.49064072  562.4885537   546.28845708  562.3268103
  571.98748643  571.00274986  537.28870225  534.59732037  604.30202395
  636.74813863  584.6657277   578.44479448  567.00149546  561.88311988
  557.05081841  533.31703287  543.87227746  527.0700514   535.56853151
  542.08829601  560.67052406  561.9300527   594.7676617   619.11013433
  590.33046735  552.22183154  580.12165149  559.21924171  604.94522178
  579.92833849  563.79565171  570.11509991  595.73974237  594.85324082
  560.52588033  558.94222299  557.02657507  523.58280292  543.61376999
  545.5691058   512.0038991   611.42598428  605.4250151   586.79001103
  597.77132344  579.49199376  557.75259641  556.99973072  575.58150944
  545.19055785  526.7942626   537.25698512  535.18156297  539.77838629
  583.83548099  594.64554865  591.28451279  612.97008302  623.35303039
  624.65239307  618.2506115   596.68667657  571.92414807  567.32599984
  544.0372463   536.72720146  536.5011738   543.33324178  529.81656675
  535.04757623  577.9088232   595.82076017  590.9359683   591.94201168
  565.46312274  565.59757163  543.00954769  527.95063009  513.7944226
  533.05866024  550.52824496  554.92934368  560.58948305  560.25983795]
[ 572.32743847  535.39489657  549.01914763  550.34213546  561.64499779
  559.87916578  584.27921624  601.15778508  580.15492118  559.31864029
  576.81136092  602.16725694  588.92495991  553.27651141  527.87669034
  512.90629124  507.62740382  465.56187639  443.6005472   566.19447144
  530.62596802  547.71833293  567.87797763  575.91758928  576.42208174
  553.0970949   526.72847695  508.02268174  506.48478398  492.05394859
  500.88235537  488.63801625  571.02108969  545.47684967  490.41235708
  530.13212453  550.51848591  550.28367818  562.81694242  563.02443721
  564.32891989  547.23265871  522.75396423  605.75177945  558.37629149
  494.90889082  490.62930534  507.68505591  541.83583517  547.09632748
  579.22939667  601.90115777  578.10517372  550.05071578  569.77624501
  518.12799649  515.76409193  554.9079085   587.95297093  628.35816535
  656.16522754  701.60966345  731.70997829  659.90430556  630.31618796
  638.53137695  624.85552699  684.9249978   617.37446822  570.65986856
  526.74880909  520.3326175   546.48922258  566.68567664  596.48067615
  607.09508938  625.96395953  627.90268626  573.77462769  578.63646092
  586.74621518  550.46713703  632.21093633  697.73912505  650.68324989
  637.37183249  580.24872611  568.52815242  596.01545593  633.91239093
  621.9115572   583.59790261  577.30731141  560.75830489  536.20159633
  541.35823528  549.04364968  636.3639076   700.91066779  706.05240022
  680.74259617  678.89474273  685.76024826  669.82114161  628.10577452
  590.1221584   572.79583996  565.08020244  577.71312002  587.83542069
  560.26549051  643.97797201  626.78541589  618.8171089   603.4680571
  681.27242329  769.13226678  743.68964309  723.89362844  719.8545411
  743.03243207  714.41181235  668.98251475  680.33971231  681.76355483
  588.39772412  574.54459102  549.65489246  618.42602159  679.41343519
  696.35541337  694.98006397  697.13813668  744.25347639  766.63372877
  755.21741359  720.83030271  588.26576318  675.73610435  577.70691542
  522.25229292  536.63437904  644.43028767  667.88079777  615.42326276
  616.77215592  675.59006864  709.59178717  765.71107753  764.38093409
  726.10528441  672.92997776  553.90995282  525.63931558  550.98669106
  579.04959729  610.52149106  601.01665991  582.23477712  593.31028394
  593.30527283  613.75084469  660.65508132  700.31953902  738.15388327
  711.03519321  589.50465541  613.99277787  588.12157277  630.48469485
  659.04113945  572.87567772  595.56669465  655.81131628  704.73584999
  751.96671658  720.56837583  626.50843941  725.21597383  704.05123617
  665.85695927  654.16505359  650.94057069  626.90114703  626.20280134
  661.73906008  759.93419194  650.13103999  723.63598524  750.3985057
  761.52710041  747.18698455  735.54662902  744.40925727  772.10421012
  791.95143962  778.92270129  754.27186118  734.78312318  787.62404884
  773.00095314  689.38082265  750.98552846  747.61472261  678.76647989
  694.94489346  805.82294226  774.7224536   766.01068918  681.87294183
  755.60794754  738.07547918  697.65712766  618.5115471   605.41264105
  635.60546162  717.20148261  722.00649177  637.66540547  644.67163566
  665.27563406  640.93732351  674.56282266  749.80933718  743.63105002
  738.0553255   742.93782513  706.82070382  630.65845246  594.99487225
  711.0604069   664.70179172  638.73679365  648.04713235  668.84113034
  688.286478    593.35039372  683.18780158  754.26833454  742.36572881
  659.14860621  685.39199098  693.9920047   619.45447131  608.09675236
  601.74038078  636.16091743  680.73650144  661.61832279  718.56920956
  671.59038625  677.47388185  681.3208299   668.95426204  669.20223391
  671.83732988  648.13370613  618.23855668  597.75444995  655.14555373
  681.19378584  652.26380717  657.03800625  596.37589417  655.012498
  654.81259747  628.23204718  643.21493743  632.98709406  614.42053537
  595.10929374  602.98994319  616.91024407  637.70542128  655.1636043
  638.9380022   638.50988693  629.13380719  643.09579217  698.71447089
  658.49466734  629.16494571  622.18384679  647.0194863   672.24410466
  657.41544174  622.13220478  602.16107347  585.10803209  571.84405322
  578.53834277  613.46344904  716.11255588  664.45761234  656.73493645
  730.64625364  717.34156946  661.49334776  629.59967258  618.28804528
  601.58741215  578.59236594  583.41400667  610.74786613  613.33039546
  671.54482419  722.706743    713.74603876  700.43684452  693.88946576
  703.88421958  723.64791315  710.14697559  663.51868111  641.66486393
  542.67053008  528.53994203  544.70016465  586.0345394   596.70092469
  552.72115711  626.64546     649.31367779  660.64114119  667.70976987
  653.53771446  642.82685592  610.62351958  594.3033335   553.14944876
  535.20576559  518.26072537  517.53356421  573.47086674  593.17502086]
[  522.16595901   530.8796178    502.36587353   490.56874715   535.71689703
   485.72202149   458.78702636   516.1535865    609.09940154   546.26450301
   468.29343311   476.90216339   585.68078615   663.93086161   668.61778017
   638.69537314   642.9060433    645.60438231   614.36086558   577.66183564
   659.36829352   659.68993266   550.07234718   500.74627328   509.70889638
   654.63382509   747.04442211   848.63952971   784.29739998   725.12996717
   758.49090255   826.40571748   607.63089304   634.20009877   733.45479994
   665.88640222   624.92812932   685.63861456   834.22868178   909.32926202
   935.45711479   874.83447552   536.44282432   534.80710221   592.44778393
   696.85663169   757.42114412   732.07590613   717.94831948   778.49029949
   910.52969687  1010.94381962   958.11601264   516.11934357   500.76331753
   607.85390268   786.97040951   812.67996746   911.6750045   1049.81878198
  1059.10906822  1052.13551478  1070.88102854  1069.33618375  1106.25796952
  1056.11904553   550.39024611   493.83228409   470.11263431   496.25029955
   584.66866569   664.93023513   722.32859914   822.91115431   901.9935212
   966.36595543   951.44246748   972.84464369  1016.53963065   968.03714574
   995.60755651   879.59175216   581.22616811   528.32633736   483.86093856
   490.12480133   592.07819491   643.65003096   793.32702114   800.31781499
   826.54763992   871.22572333   906.69913627   895.51102701   841.89882769
   816.18527987   716.86619149   552.2110111    491.95516552   483.92623732
   556.03480609   574.0477994    550.14901209   572.85915403   600.73576704
   648.5228182    651.84503871   614.02398293   580.38074524   546.60067371
   546.43787282   542.07274507   462.98864549   430.83603745   422.63248602
   445.05469065   492.37942297   517.3096098    494.71871814   477.56462132
   470.40639978   474.62734166   515.43037881   493.80296671   465.18950387
   486.0163352    435.60094281   384.80365233   434.09161725   433.59307688
   452.78442474   463.92273718   482.85068241   487.88493799   472.5334528
   458.83982704   423.15975992   476.82065712   498.22921099   433.66814815
   358.57746778   358.365244     448.47477742   423.42645938   392.16180572
   402.36333745   478.85252526   534.27229266   514.48512503   492.89289809
   458.00571486   507.67648393   453.75638991   419.36734083   395.49068026
   393.39254833   389.64103958   375.43269419   363.73623848   373.46276663
   352.18563548   364.24071898   430.79192068   513.68989698   477.79460067
   430.33416874   521.33024059   488.04546296   468.94900027   444.67253876
   426.15506276   404.72637033   384.23164505   421.74146535   508.97920922
   496.78887984   440.20789061   527.15625472   468.99025815   445.61194065
   448.24165304   458.78181318   474.35611708   427.34841216   441.91169129
   459.32848838   530.42593149   461.39443359   478.63313028   441.74041495
   448.60356063   439.03127295   474.50180827   492.78636925   501.2936612
   503.88675784   507.32212294   521.52337563   503.32298824   506.98122346
   475.74793839   463.09631906   430.10453542   433.73441268   457.76524848
   477.11110984   526.90388841   532.06088819   477.28170423   451.87361509
   453.94795877   444.31322321   460.56248455   443.77238319   477.22762893
   484.05869238   523.30339458   545.3469052    506.34180952   500.3715448
   468.26901232   419.95051411   502.9289218    483.12693951   469.01724711
   478.63080999   465.20651416   467.83379802   459.19586091   446.31461777
   466.01412271   486.50493423   446.80075786   425.21717298   453.79381378
   465.97317214   475.48208963   521.48161842   506.04103777   495.73213754
   500.67691047   464.31974226   455.67971316   456.43417936   508.85462597
   486.48388327   475.09688418   425.73034373   508.97100258   467.6858949
   445.22863854   434.25738047   434.87306789   437.01600797   442.24009294
   456.92772735   436.91875191   445.40117721   485.3323588    519.59150262
   507.00228793   442.61165732   425.02038115   523.6936131    475.71253067
   430.84758542   444.05586531   469.77024512   442.33495254   451.23952175
   470.09855627   502.48616838   530.30813038   533.29898432   513.90186037
   449.47591739   385.3350809    432.11554824   457.28720583   434.83260365
   417.33228391   440.0499404    461.20394605   491.02994868   448.52498724
   436.19726274   456.53285434   576.79769555   596.46223759   578.20375429
   520.02598023   415.96019899   458.45670143   435.52205757   425.97608904
   430.85329978   423.69910617   409.73091846   451.13014726   507.16768098
   578.53231662   572.27033156   554.2899901    536.82106825   492.35562936
   514.71782138   467.19665183   436.34975273   426.854351     418.18680409
   419.43993198   414.17414511   408.76544003   408.49939284   463.19553803
   687.8001444    652.83846004   637.3821812    578.3014553    506.63886697
   532.18474158   497.4929123    457.11529701   408.17368821   418.73186476
   406.60271658   411.57615161   411.97304348   475.22701113   549.68346749
   661.7365701    708.25202639   703.89520857   548.02470195   491.01906035]
[  874.85921683   908.42462747   874.15472009   804.11200792   841.75511724
   852.78085112   798.7625895    767.64967789   805.73672488   883.32651943
   775.04248639   778.59968839   843.35569696   903.72331354   930.02664812
   932.95430838   926.05926282   913.66636918   884.06972681   919.80950441
   944.05605775   949.9142238    890.3646307    805.49250898   796.64188831
   859.12601963   870.71280789   903.14756739   882.73938482   861.65697212
   814.93367666   907.63470618   876.8095364    962.88923141   978.38583354
   945.28044995   909.56079094   863.79850308   868.3330396    841.79515232
   774.81477667   830.19764109   625.5325741    766.66965558   880.4287708
   932.01088488   982.8376302   1013.03757291   978.88951065   931.06597787
   881.22263177   886.11809616   809.75578936   509.01082334   793.85078236
   901.25974185   949.38517875   921.17157887   870.23577079   867.00157835
   852.68521388   826.47729296   836.56616455   824.62958454   866.45435
   855.85814482   463.53607056   530.88834661   683.43668585   798.49745822
   877.08579073   904.42906255   929.83033473   927.44997233   913.02676911
   907.94449246   910.46672478   874.20478581   843.71292365   832.19829107
   872.07287518   915.40810486   462.95256236   524.70545196   617.35949486
   668.61423756   756.77570305   775.08992452   809.04757821   810.34657067
   860.85757338   881.34706508   860.29096562   862.48763344   921.52296106
   956.37309317   960.22311476   457.12349973   440.59842743   569.41374965
   619.65707056   647.22489653   755.32943505   853.24353636   903.2102057
   921.76235373   943.29158862   957.78768864   942.57038251   902.11115781
   913.98002027   430.91111189   426.87890669   428.31483168   410.81225662
   410.59702185   477.00350624   501.86204983   517.09425218   543.36539852
   604.70875217   683.26995916   799.24051838   771.75854503   781.58673048
   899.94006113   399.86796377   397.4477208    433.28711041   447.63968282
   455.17282184   474.28164714   497.86960618   530.28388404   551.61502223
   612.54520659   708.62627074   880.00200309   419.242938     386.6333708
   386.83260554   403.51089961   468.63764515   468.45100141   465.69273988
   476.1347324    496.70805828   500.78818773   527.79713987   553.71406662
   682.94197842   464.33576605   417.29383118   390.82532276   408.023418
   434.05304685   461.27458826   455.1584669    442.90661686   455.42073095
   459.56028447   467.58707382   500.3143455    513.75203397   540.48570623
   668.15958933   870.83087279   467.14192995   436.56518805   450.86216789
   471.68357971   430.30475504   446.80682821   483.68096161   513.33015649
   532.28220149   640.98659176   842.86887238   561.87336287   574.73306054
   541.86782923   493.32068708   476.46253243   447.69990274   428.65302843
   442.84310897   518.34539758   767.87344227   578.03270335   661.02417568
   621.60974603   575.90883214   514.33935707   441.182732     446.75722862
   470.41955567   481.23774743   486.7090491    485.75470689   490.31165131
   513.33238902   758.00425706   641.95517749   678.28110935   476.31383875
   434.54531797   497.36204797   495.16529615   460.70082241   719.90841789
   579.11244005   533.08810198   489.64968039   455.73257884   441.37982347
   448.09822984   489.33803222   548.83955308   504.06822679   458.89703647
   486.00797357   731.10915013   515.22666537   570.84113703   574.17792229
   568.2051524    529.63007779   507.37794267   471.00090831   467.11260657
   531.18386719   638.17326401   595.63607075   617.69310036   656.71276852
   720.17710026   801.33642826   516.03121983   541.10277135   575.48264361
   539.09702264   574.25384675   637.98104897   742.38692649   779.69153657
   773.14294203   734.08848865   770.05348341   534.29245209   598.18984168
   690.88074899   676.96930758   668.52931083   623.95796567   617.0720311
   627.72867594   711.07455252   773.2326016    833.75829045   841.62899373
   833.35047608   779.92236457   746.69279211   851.98513843   584.25207409
   674.57756722   717.07411979   719.59571658   665.67318814   714.40519083
   783.00336669   839.3801252    841.48274307   851.22426517   846.35004643
   807.72509245   721.75501986   768.60242225   706.25346844   761.82253689
   782.18748952   802.89904498   817.40907878   809.15469608   763.50450273
   740.30958276   791.20325605   897.32615593   900.68213315   914.80671489
   890.61321061   770.67144097   784.53491157   818.15283995   799.70204212
   731.56896282   687.0720955    716.57523218   774.98511876   855.00873621
   894.11637927   901.43143361   895.73044937   865.13504293   838.04745969
   751.83677905   780.94937958   781.45821853   809.86733659   808.49332252
   796.03273515   770.63978248   724.90906047   733.58725613   795.38692402
   974.97542095   972.33721729   950.17973593   903.9521621    873.86869953
   702.64172001   806.65998736   789.61854679   813.37661799   835.07877236
   807.87739086   793.96210078   788.29911294   842.34577637   910.12087164
   969.37198233   985.74897821   972.13830052   886.3236089    857.84620527]
[  819.03423904   845.51677824   840.25728883   782.22948045   876.23222506
   813.11540384   800.68510842   850.51384414   945.94383542   836.43479047
   730.32002021   780.63419825   924.43770934  1001.54102548  1076.89342068
  1080.9926685   1144.75156206  1180.44386099  1161.24189455  1105.8882406
  1368.85206427  1161.57798076   912.91668852   789.84106047   858.26774884
  1076.44133847  1196.79781939  1290.65865205  1308.77310198  1362.65143272
  1263.40938312  1103.45618668  1121.07611819  1217.45152219  1526.54577166
  1058.07789467  1039.16493145  1112.20077438  1286.18218224  1444.96603736
  1462.54863656  1365.9824594    912.62551199  1006.41899875  1039.6592843
  1259.57154891  1381.21166637  1277.59315401  1371.60103112  1472.40746641
  1706.3784463   1755.2073705   1632.04003421   830.89162014   857.73601699
  1054.99614904  1552.6322223   1930.68469875  2094.93295121  1907.49126368
  1911.69749012  1907.35307733  1914.62758022  1913.82292426  1921.49343753
  1920.65385381   848.51218539   688.23270137   720.97419165   892.26621457
  1034.38352684  1235.04907456  1431.72900349  1689.61241321  2022.68284705
  2297.06851992  2007.80329059  1976.54798201  1878.57753632  1845.27200881
  1947.16514948  1725.37356904  1041.47858726   875.94303324   885.75116482
   857.45056458  1071.82368069  1297.83411169  1491.05663212  1510.68715622
  1556.99930897  1675.93784784  1814.19217658  1726.81835563  1476.26909335
  1482.99559187  1374.84560924  1004.93791388  1060.959056     919.91781964
   889.09616203   924.2445999    943.22271589  1041.77041132  1117.81990117
  1236.27317765  1218.4445486   1110.60870876  1019.58977061  1000.13804094
  1025.08320068  1033.98900219  1006.11403883  1074.44847181  1004.41215576
   994.08309283   890.12066084   792.71361554   773.28498752   765.22001361
   801.81849875   790.64098946   784.2982995    728.24015548   762.96700277
   837.58939628   875.01717935   936.40097093   884.03987506   966.51244972
   970.71853678   893.82578896   876.55828108   836.50878921   787.21748407
   776.46557875   791.95683059   896.6203486   1199.55840475   898.08576866
   970.73764381   975.62898315   909.74052332  1039.57992009   920.59904234
   914.90365089   869.41335314   797.57595925   793.4030584    836.72244791
   792.86861559  1464.36868074   891.46072002   956.23558737  1020.15782398
   993.91710891   925.80411744   927.24206139   952.95886631   957.36834363
   968.17856613   943.48252634   885.36247014   809.92176564   860.74184422
   800.64180844   984.04506581   883.99076474   950.17069703  1021.54608199
   995.74557844   949.20036785   945.39839257   896.81128155   802.15739081
   821.25694208   733.83767954   948.20395735  1173.37125082   818.2252035
   867.25977232   925.66969785   948.03441961   961.14522727   940.53217408
   970.00189672   791.4522795    850.12012984  1161.74681847   834.64228917
   858.94856908   865.44859398   919.42804722   961.590271     931.37772486
   899.22235482   887.88343208   859.76254658   918.89661449   785.04350247
   722.82980721   847.53356085   785.66249939   784.26701903   986.6919405
   998.99148565   927.08598995   888.68072016   873.17272948   761.58041163
   737.03569443   800.8907232    897.90503935   943.74437169   977.57786291
   977.74972758   880.54467999   761.8355974    774.34166693   768.18410611
   803.46575637   728.36662239  1036.58994394   756.52331555   721.10954678
   680.99737745   725.11399046   797.80014539   914.29878689   937.40820867
   842.21771746   679.64746897   744.54955363   815.17862832   797.99458903
   759.88655629   758.62120038  1152.06090498   805.63758385   691.27179532
   716.58916321   704.37743328   634.4208114    654.38774329   690.5702044
   674.09888893   690.84150411   810.70677132  1048.06788318   736.13745573
   658.78664897   646.58351115   634.31446599   610.75958944   663.65913333
   693.509015     717.97585874   725.14532279   800.63130609   828.67298091
   847.68766931   840.39458695   801.5155121    860.64476     1188.16624102
   684.79891187   680.93818467   675.47273173   675.3738112    709.70285091
   746.55204138   824.30190534   851.26677776   848.03242006   843.20700366
   792.61190235   715.3816587    763.31610967   980.87997266   755.17172023
   772.28433792   806.32461477   814.78381668   788.58857601   778.09407802
   765.93970993   803.18234048   881.51505043   926.90449845   943.99727413
   902.06161629   762.94552889   787.3935012    844.70737763   846.81839089
   819.92051111   762.62655015   738.8784371    728.87843649   813.37096062
   882.08518768   937.00352369   906.81499782   857.83868635   844.32597959
   919.34408712   791.11380944   804.77645839   875.24253758   875.9629381
   849.32575667   842.6867953    779.94840511   747.90724372   764.15073063
  1055.01352973  1041.50396933   980.71843577   912.79179616   872.26485026
   769.68493296   856.65068047   832.9348838    822.32896314   833.45522257
   819.70869876   788.75819449   775.97690127   838.48091559   938.09651803
  1068.13049278  1142.6099163   1122.07129942   916.18829281   880.36596689]
[ 208.33430428  219.40413854  194.67318806  179.11328528  269.77260124
  177.58444984  182.65142162  191.89939574  178.50327734  169.44120004
  206.81622364  217.25281959  185.38197904  163.73519123  161.08023341
  189.5606924   219.7975665   221.90498102  197.18499171  245.47675121
  236.21259537  201.81685729  196.09165323  225.24016321  212.92043974
  226.91651625  183.39257245  237.19191482  263.07934208  233.41731336
  190.16266844  229.61314762  293.86573566  250.62863145  222.25067442
  184.4937158   223.34829595  223.93855397  246.39867748  242.07439388
  244.29663445  309.02474725  282.0561173   197.25532531  182.30075214
  184.81871467  168.09060983  225.79866772  268.16663508  254.85816628
  234.31490248  244.84530261  258.69659194  269.90066915  131.4175612
  147.50075565  201.62933016  208.39059846  220.61459187  228.87877804
  285.92083747  248.64542451  239.01373607  261.20826001  273.92653248
  175.79676006  232.23085153  175.37998886  158.63937796  159.38202088
  160.32508658  216.90747068  213.5619103   168.87817856  186.83385407
  172.91770658  218.2812421   281.62175751  294.01595672  257.55510368
  239.47391959  215.81320017  220.9395476   175.28467511  158.97355568
  161.03606533  220.32600765  203.93246732  152.00762775  237.47903021
  253.90932505  211.26869137  224.66701947  236.87242307  222.99220942
  226.17722707  196.60328521  231.76135335  144.69886992  213.43634517
  182.04128621  145.40379958  210.50419365  227.48064272  216.5502392
  199.25903105  244.88222462  252.33403402  247.00530424  238.99024326
  235.30532722  178.39638501  161.92495758  179.89836757  163.77875816
  134.63562744  179.17640018  193.88447348  205.53029938  207.60964552
  194.03647121  192.31422499  179.60209241  169.47801679  193.14521122
  192.31489374  166.61655137  192.46802169  180.79116674  202.73852845
  221.61948974  221.92241728  178.50540318  185.93486653  187.20026555
  187.99773719  169.9038127   138.84822933  162.90850259  151.11544085
  143.48968639  143.90541687  174.47748956  176.59948304  199.94691228
  182.8000973   196.13824803  197.41825463  164.48622532  181.46727126
  190.39535222  195.2915106   178.83543727  180.70978367  164.48531567
  161.65898677  162.93924505  182.37134532  176.64563234  160.32153513
  165.78688494  174.20928794  177.14116594  168.40718799  138.71451607
  194.75895077  165.10027703  189.53745302  190.94824783  189.40959137
  188.68004859  149.80599729  174.38757893  173.52083032  154.63559993
  131.2949607   183.025587    192.63953722  176.10426007  194.90162699
  199.40667789  201.69220451  227.24749974  175.97141193  181.13630458
  187.15167072  158.90785329  212.58342243  208.20227667  155.31971225
  147.54975003  184.31350235  168.64090045  179.74742374  186.1100677
  201.57220695  223.93597111  228.23315103  179.03875766  162.41775965
  131.42779951  184.74390908  167.17445605  156.97871936  176.99169526
  210.54431311  147.63630871  154.675226    162.26758801  221.51766943
  175.82229383  186.17797272  207.30582041  224.80605371  206.06476667
  203.87673404  197.59859137  158.35388499  158.56042105  192.2361155
  192.65517376  214.03310709  197.36303052  215.16752781  159.39018649
  160.83123659  192.97046313  231.13903495  236.22717072  177.51269259
  167.01172005  153.54479072  161.24154858  177.27371238  163.56741422
  164.13113678  175.74603962  208.52466579  171.55538308  127.34257665
  173.72612844  163.78001707  184.05623411  216.17030104  158.69663183
  141.94940739  130.57625805  164.97560443  237.64285486  154.25841965
  141.14372413  158.11822783  173.52955963  194.53173552  200.73289112
  188.29733837  187.7918266   184.89959725  181.13621864  152.96716668
  136.50028284  139.14939363  199.72257057  165.69438434  203.94541757
  134.69980105  164.25127983  145.21720238  179.20006788  192.68308334
  156.56131494  149.84647902  152.33379034  176.68126878  146.22875725
  127.91302903  146.43103709  180.94958817  169.30523596  163.89866009
  142.86140028  172.25548594  175.59685385  164.27238917  145.33412724
  175.15506449  186.2199497   181.47074436  170.83630331  183.12319835
  150.1288911   157.82306356  151.34626841  132.21818289  133.55115954
  162.18432107  187.9064064   195.40827089  182.40019352  169.90032559
  165.8879809   181.51586261  192.59737526  223.18979325  186.87368176
  262.54362087  193.53944032  126.55280586  121.43506838  138.59499865
  151.02302747  171.29948723  189.56938134  211.14478271  192.05291171
  161.36118151  199.08328019  177.36615416  179.65461317  174.67001189
  311.20270946  209.98952201  186.66750332  166.54857368  197.78018981
  177.33286982  187.69417343  209.56368655  217.98527551  204.16020337
  185.65596348  203.88328128  215.66213344  175.36722356  197.27211638]
[ 1650.91472348  1599.72399401  1550.35782023  1451.0743004   1535.14267922
  1451.89496348  1560.33442004  1867.28817987  2046.84528987  1655.28068758
  1512.0062179   1695.25776461  1815.72574614  2113.06811082  1979.33733974
  2088.26913576  2042.20811715  1898.99109893  1487.2935572   1753.13052086
  1876.97211724  1879.8954374   1795.39721206  1670.4199502   1738.75950956
  1793.66429932  2025.47146035  2049.42742456  2008.61674423  1912.2884486
  1973.03115325  1617.24813569  1916.63722456  1689.92651088  1974.42668521
  2060.48054453  1871.55977344  1851.1176566   1888.83408934  2025.71833187
  1974.28480224  1775.25071263  1462.12583423  1966.87234306  1709.69421976
  2037.76488     2096.86510384  2056.00434507  2040.21383641  2073.90492883
  2082.90583459  2120.80098154  1750.74595599  1613.25247542  1562.61714015
  1885.51573732  1728.44508282  1624.92364016  1741.59146049  2135.45199568
  2081.99441281  2035.0668718   2026.63172756  2017.15404946  2069.427281
  2035.38097055  1885.09695199  2032.46571853  1703.32935928  1629.48744299
  1615.24420135  1484.76620854  1371.97288808  1325.31551928  1422.27498855
  1618.00583417  1822.29017725  1903.9975748   1907.79453446  1918.27743162
  1819.43226071  1634.93040468  1735.04355922  2146.31899061  2225.82778834
  2066.11547723  1774.60188201  1658.52954308  1694.33681024  1924.49095968
  1921.95725897  1870.3401039   1708.23780168  1641.07533185  1742.10013684
  1692.66100454  1717.28804181  1459.83594137  1937.25933079  1962.99177951
  2103.82894407  2162.32718294  2366.37939531  2469.2855666   2385.7671338
  2150.16523256  2057.36106698  2073.0513682   2183.90949269  2079.30631117
  2043.52792027  1443.64677196  1256.44594047  1377.99337131  1365.0772783
  1420.69521448  1739.87934927  1750.00927287  1821.94152065  1888.82708548
  2308.76377867  2654.80251608  2668.1281279   2641.13326737  2637.10438319
  2223.46520814  1187.82364356  1257.38278543  1279.415594    1419.09091335
  1557.49287088  1521.60312194  1529.75831968  1957.6753863   2166.37992628
  2321.22592932  2417.69524603  2191.54361417  1731.16492709  1155.01637573
  1194.14240689  1236.14025502  1312.40964648  1474.58287722  1346.68123131
  1306.28601405  1430.28187362  1631.1600537   2119.94097554  2263.03328471
  2367.80190749  2073.32607303  1332.23823895  1316.39501655  1320.98266833
  1311.48812109  1291.59828478  1315.68743638  1339.78723234  1360.1771434
  1288.00213727  1234.36653526  1256.5587859   1387.67461838  2551.35991483
  2915.78969949  2456.34869075  1495.04087455  1469.4898361   1500.54665894
  1483.42048035  1400.19671249  1332.47299748  1322.54066077  1390.34340671
  2533.75890491  2707.35290197  2340.9201345   2568.58102653  2104.41020925
  1933.52584978  1796.33436042  1589.91117155  1500.55852186  1527.56824586
  1513.96777738  2302.46821426  2173.46117886  2489.29203013  2720.56427317
  2758.59940345  2444.47382734  1995.76189518  1673.83684251  1836.46643675
  1898.82831982  1901.70297616  1676.93379256  1616.95736918  2078.48606393
  2197.80412244  2264.92013413  2986.25101425  2894.94967916  1718.89516605
  1591.5024448   1980.43212103  1809.82995259  1976.45014717  2342.73291341
  2765.09228513  2796.61259976  2287.5025233   1627.8288947   1412.49458171
  1494.10696408  1868.64181184  1979.36993844  1560.26381828  1568.87419576
  1719.84373712  2150.22418378  2590.6478557   2731.55802158  2509.82149235
  2447.72757908  2620.11433022  2646.62603761  2086.03892909  1865.23103655
  2142.52570529  2391.44980561  1958.65044995  1947.4709182   1994.56660316
  2146.87111526  2001.01470328  2556.88044064  2622.74799279  2343.58520974
  2638.63820875  2554.2629756   2529.82969552  2218.69876616  2130.97102445
  2223.55263565  2416.56773567  2474.18187144  2503.06236817  2504.92208532
  1732.27936442  1652.63642371  1716.73716855  1839.54939111  2142.59939643
  2261.34734407  2159.88773639  1748.3761188   1479.66511547  1531.29946951
  1736.9170644   2115.57890737  2107.32985355  2116.63636424  2600.38822051
  1844.8396518   1532.57911336  1517.11997849  1659.60199292  1693.46668424
  1664.3664139   1403.22386057  1399.45861544  1426.67058012  1449.69655126
  1465.92280092  1622.52781577  1811.49124451  2049.64664069  2013.75160662
  1955.75452819  1893.23454474  1773.38848448  1687.62404561  1728.38964033
  1673.5136626   1620.37208289  1428.9521833   1380.1654481   1362.85251393
  1362.91434627  1328.43441804  2391.59403842  2484.3736242   2308.42664459
  2303.56722515  2144.34458068  1839.65767263  1591.79344613  1457.01695048
  1400.30324308  1340.92981429  1341.75789988  1342.39436987  1302.80040717
  2101.74978732  2467.70361573  2519.14319577  2503.47494984  2339.50043435
  2222.79642295  2233.84915433  2121.57769896  1857.89681239  1661.29971184
  1549.30972136  1525.4158715   1522.8433235   1466.81466836  1295.74322738
  1447.01720522  1830.10120339  2060.45966495  2023.51575506  1871.42352711
  1776.69462018  1725.93895601  1548.96512905  1480.44959416  1441.55966583
  1568.51316557  1669.74607654  1777.02020685  1476.95226423  1405.81786762]
[  946.42082349   942.3567214    913.54709548   753.85186215   866.72697213
   976.40446867   907.59763376   863.60119179   901.34149035   999.79587092
   881.05143776   897.80398446  1004.93543204  1097.25340337  1055.13601951
   999.1870176    945.24491033   903.36381803   882.79968556   910.99202125
   979.04560363  1089.4954676   1003.54348895   889.3626248    903.62227626
  1009.40825265  1047.7726536   1019.32392947  1008.97825923   997.08169288
   907.40736236   888.53367329   925.81293504  1034.8178019   1039.13443351
  1041.08585026   994.28092332   981.31952849  1028.66463384  1009.36126107
   903.12757611   924.48407085   631.50925985   829.23226042   964.53348639
  1007.86374977  1071.73568061  1084.57071132  1046.17036191  1012.07378168
  1010.15459641  1034.16981174   895.50317273   503.6814892    853.93449098
   990.04684409   996.79446364   956.21095414   923.83505504  1001.34528218
   991.56117138   965.10677548   976.58654656   959.26405784   996.79640938
   968.83622645   456.07839379   551.26858505   712.33940405   846.9469626
   932.04064793   951.87376345   970.85206895   959.05006343   939.06405809
   954.73335659   995.11586454   983.3007648    941.66561229   926.47400978
   944.21931897   957.6371284    474.53800079   581.58740093   686.14360135
   721.86776081   803.31640851   823.09178679   851.15271663   900.92028397
   961.74655973   979.23290227   926.7698221    922.55979904   957.70164684
   979.48004469   988.30919458   495.23817741   550.66128637   661.26439961
   698.10121587   725.06026286   820.19794398   924.9142441    973.58057444
   979.67927428  1006.3933879   1002.79406751   975.03142955   932.57216912
   935.64706708   519.73794341   534.53264572   549.0380111    517.22505831
   517.01069749   522.48946074   514.30544362   527.53660921   559.64109639
   656.11518378   736.11006963   844.65673108   802.49863451   827.58410215
   915.50859159   462.78393749   431.68988411   504.1557712    525.2376373
   499.91568633   502.64145179   519.2977026    572.77758838   592.89254568
   649.04327782   757.41078184   902.68757441   583.67941362   446.43577952
   393.23439616   432.77273792   546.10859723   552.88759735   466.2165944
   455.87874029   483.90410306   498.00181483   539.25617924   561.82843297
   722.28910467   555.32763346   443.66833341   401.4929541    429.67036967
   468.5640848    490.68381217   486.69936122   469.30282738   453.54670496
   433.91662535   440.58661194   489.30120645   524.41955446   546.55629264
   715.69648872   945.50984841   478.08098508   469.3029441    505.74984841
   517.21006513   414.4942576    435.96050129   488.3984451    516.34002972
   533.04734483   688.22150865   931.41710198   587.91276094   610.49925501
   584.68912126   524.83918765   503.2410581    459.13193761   442.47307987
   499.50112289   502.23370047   878.02634787   620.16336424   736.69603735
   698.79718857   651.11714238   584.85401297   502.96005751   500.50777346
   514.23153699   524.63706055   526.45442223   529.75010862   504.41489365
   532.14754089   855.26331951   709.85382488   775.81216532   558.11067002
   503.00424604   531.77876132   524.36351952   515.07601414   783.99989858
   630.05080692   603.97190664   572.58900557   525.96834695   494.50856556
   478.44304484   503.03648818   512.08877986   456.99029672   445.85776855
   504.70319732   754.01171644   544.72187914   612.62738294   629.24449947
   634.69476485   599.25990172   573.34219348   531.31542971   513.90662883
   558.94533866   632.43240501   613.32924498   652.43449808   688.72011611
   742.04214774   805.1755541    539.72265053   578.85165031   629.05256865
   515.28600908   555.35862378   635.21435252   754.84498952   799.9302562
   778.24607607   758.40520635   822.36925877   588.31143413   664.08370937
   818.89295334   804.52230689   751.29016387   644.01105123   637.48612348
   659.03216511   764.33325177   860.77509481   984.72885288  1016.5881715
   994.61561124   875.2847747    822.03417062   884.86795447   638.30354853
   739.55073981   818.10974443   796.55453022   696.67490208   770.62724546
   866.64763186  1000.72197352  1011.78008955  1030.39119208  1020.05973587
   964.22581494   791.36295677   824.65143253   782.67006622   861.31406244
   889.28325498   923.53480993   957.12593358   945.60001301   876.14009343
   829.95103292   902.43870177  1063.36103774  1060.57859862  1049.51495994
  1029.27266817   857.45659801   864.14296389   884.10834377   879.64146305
   803.3075652    746.82230246   806.30545811   902.33466075  1010.89771688
  1057.43093952  1043.22065889  1038.01216216  1023.64710005   973.16454981
   802.62073822   858.01913426   859.05229037   883.17829744   895.44694337
   871.6861224    845.05206921   793.12045869   823.60637222   923.32179102
  1066.81099091  1050.37506816  1041.35522159  1017.98184158   982.38591806
   670.99545379   813.07607433   839.48852363   887.64945051   912.81171405
   887.72379669   879.67228571   895.98431998   970.33128659  1012.58311258
  1059.82780017  1058.45112622  1061.70010431   998.4580198    984.61874549]
[ 431.97314467  443.20345209  507.52159971  503.92914115  490.18600755
  502.82789901  495.78714094  435.17836265  433.71016618  454.41586934
  445.34104485  442.11753003  447.04282408  448.22823331  415.16423374
  392.96033072  398.08931696  416.30954605  395.19458743  476.68472287
  464.54002965  502.23108343  478.36629977  448.45541542  413.71348134
  418.19400404  475.31641179  530.47197197  483.04881284  446.55455944
  476.21836011  552.39329166  492.9335826   485.57225081  439.95680337
  432.26051968  435.8129026   460.67523914  587.19748588  661.46228317
  696.94038235  642.38467074  402.59184734  416.9688073   462.62924833
  418.98612074  438.28313174  468.75706921  479.3105565   538.39764014
  689.84540039  825.07595905  733.34639212  337.35150704  407.85664425
  399.3385564   537.78601306  623.50408693  700.88594333  862.32269121
  791.27345466  747.58797961  750.94578662  761.19934659  801.58124399
  804.09620817  321.52430721  344.09882646  370.88982097  374.79148231
  414.94287512  460.744685    582.41940148  669.53563041  732.82208691
  780.10501435  853.22911615  809.25561154  815.38304111  768.77283404
  772.86534008  653.83325531  315.14416046  376.10349465  399.47318199
  361.90759891  382.36763728  459.77689101  655.83279092  641.14294345
  607.65707498  630.77598494  681.78798216  709.34613542  601.60543083
  594.10347892  490.95508945  324.68776473  361.03892158  350.85216406
  374.36352366  419.10471245  410.09035128  411.05722284  416.87128672
  462.08822993  513.26884118  475.40510063  430.58115414  402.88367128
  398.71773513  332.39759551  361.72401268  363.25928887  332.28185083
  335.0969641   341.57151722  333.43037127  329.55396767  329.5933779
  345.6800632   344.34482049  387.62659214  374.53131682  373.46129861
  384.40740645  332.79594842  303.63110575  325.76773038  333.5182872
  324.2578496   324.72862022  335.45896484  356.71081326  348.25051886
  344.6401456   359.64689874  407.43750858  346.38077404  344.28576808
  305.01683397  317.75146995  354.02840138  359.56011445  316.36726374
  310.95614276  332.07599613  349.77688894  343.75948835  335.93117065
  344.64176123  339.70130819  328.64299402  302.43297322  324.12678455
  334.57235488  338.24314121  329.05587536  326.30678126  328.79023091
  327.73022361  338.67161615  352.51650386  360.55798284  348.53807915
  339.36625081  422.38766612  323.20308483  321.37240055  353.34516516
  356.27691662  308.17574521  330.324702    352.20204047  356.38362321
  350.61622113  358.76887003  442.79715317  329.01227083  332.10598038
  320.28656802  320.2413757   335.74278297  311.59415905  316.90587675
  355.42863262  344.11019677  383.73351737  326.76155575  352.37261733
  347.89761901  344.61428363  351.52643379  337.92227906  348.1306155
  347.71567489  346.85942362  351.89774745  354.21089786  337.24134818
  336.16275142  363.38176293  338.52044117  353.93523492  348.6334404
  333.63932994  351.02941272  343.9778411   335.25670996  357.47034659
  331.36368552  344.19108643  345.50869238  340.00134202  343.3167124
  327.54326164  334.9061345   332.9785472   320.60224     315.0953717
  327.43879551  338.83991766  314.06837046  335.86079443  347.27992981
  362.2803515   352.25794482  337.52136366  332.11543423  337.01875077
  338.11961019  339.5686481   323.44676     337.70303777  338.08166948
  341.43922391  344.43221488  318.82233859  343.30542665  365.02672359
  326.88923253  331.85211     337.49672385  373.56016403  394.83670258
  403.51026533  407.04034562  333.77341119  322.41324114  349.10174453
  406.43425367  402.51851003  388.72868109  370.21322416  370.27887314
  370.44022404  378.19246707  381.67855524  441.30456099  509.04229877
  517.95807818  392.01108487  344.32989748  350.84861176  346.82930774
  365.22148724  389.76788699  437.12138109  390.85738627  404.95262831
  439.11819504  508.03038519  495.30065167  544.83532868  581.80395856
  523.96223739  373.5860863   374.80079668  387.32230359  403.64599009
  399.15294775  394.19215567  435.24852957  480.15012211  452.96961803
  394.77899812  419.89151325  490.64860552  441.18351135  489.35900104
  506.97738551  382.49557414  419.92282025  426.02837394  394.34893786
  369.69423179  347.41592445  336.49936008  408.1709469   485.37407598
  457.08852595  458.73476155  485.33180021  461.2251965   454.36466491
  412.06966778  387.99371048  404.25987249  433.09868186  443.59186108
  424.03953669  394.92142112  363.76589168  360.44950879  419.2922338
  422.05462329  432.69561965  434.45924973  434.64153563  429.06559268
  395.70777828  417.66412229  425.47285672  406.39568597  408.09363054
  399.67376628  414.11123808  424.70189651  423.28974451  410.73628321
  428.09386822  425.59417678  425.27994787  474.39240126  466.55717982]
[  563.94725629   530.6396092    595.37365163   590.9843192    611.57845827
   615.12143657   641.08969691   640.18933896   652.62064421   596.80077858
   532.15614041   579.59837998   643.29957558   669.96615111   603.91665338
   576.45393057   571.66177333   562.67773747   496.60606017   626.55770046
   593.05781298   654.60138552   648.55930612   565.03230011   558.66549786
   563.16331124   592.2012824    609.19273588   583.28014899   558.97794262
   587.75434792   591.08481061   640.26458149   603.3477151    545.33098837
   591.05433551   569.92686129   560.13850687   668.17946375   741.72520422
   774.42856323   694.32887968   609.46557023   628.05702412   610.08833985
   578.1298872    569.60624487   584.49833599   605.62506281   632.53756415
   753.48101003   898.6824394    827.10007658   450.42213898   557.05129883
   576.18282341   593.304869     690.6832032    802.79369401   987.2682064
  1037.684063    1088.60226351  1111.20225318  1040.53444446   985.23637381
   966.80719012   512.0486955    602.80761122   533.86767598   517.48096063
   549.25835101   517.70974524   589.54264547   698.05692707   807.91296297
   851.69663118   898.11278273   902.29308455   926.60835816   871.32869042
   868.33479673   721.04002767   511.19820261   640.22949567   624.20525815
   584.3336835    577.51297133   624.55022652   841.47724142   797.53019435
   761.24342392   752.95946855   806.55849075   821.04636486   692.96283625
   684.52127735   622.83064234   570.58421965   654.32711171   632.52643639
   695.31695697   727.77002393   700.07058699   692.81575145   666.9550312
   659.1849969    674.31126715   650.98368681   653.19136205   652.28482762
   627.02309707   582.40097308   623.28289923   636.10976401   665.2506447
   692.93432964   733.25486237   721.37863627   708.33520344   706.63310643
   725.45109116   708.20631388   689.43461401   722.99456666   737.66461643
   668.70988246   630.47168217   584.67505424   681.09477051   684.34303216
   685.23971343   694.6959385    719.57325624   765.29906873   717.7819487
   705.52309601   739.05455202   650.75242969   646.43530806   627.4137317
   551.58930443   603.84864565   719.13213723   711.32471006   625.65570645
   641.28986085   719.67300702   765.61745425   689.79778108   674.01003785
   727.93220901   657.61121002   621.12142539   562.68661529   602.99740548
   637.91519603   646.11431126   623.44199312   603.47655696   600.38519811
   567.41695566   582.24928501   653.2908065    735.94543472   670.32433179
   683.17701018   649.56796634   642.58025629   611.01940329   657.43351871
   669.15405457   561.10073931   574.30820144   637.94904767   714.65697973
   654.57022393   650.98581314   685.24265893   658.81134109   674.7241887
   655.57746211   640.21649829   647.22840138   614.14770622   588.02985473
   604.53037558   660.3428143    633.83163055   699.19080078   702.27625967
   671.14540957   691.0469646    717.72483169   688.99513916   689.11567026
   677.12885929   686.37645107   720.82883281   728.67053852   673.73162894
   649.91207915   672.66086594   659.05031257   635.03426852   692.54045077
   657.27955049   666.12842359   683.22476751   677.69969525   669.74679485
   604.34157013   613.44525594   658.34572203   634.03334497   645.99300606
   630.92343456   669.82021169   652.85916678   647.82863881   647.27543563
   669.36782135   699.94110646   568.3203849    607.15009704   566.49334585
   568.58157554   566.73959677   589.92307644   597.43530025   614.78615965
   635.37818729   605.94384447   626.93876162   683.68381166   734.77930356
   757.47462343   713.79754882   625.38881696   628.76555836   566.81827501
   514.35128448   616.49645265   573.54072361   553.31503892   596.08473608
   616.84984784   656.36066361   690.77073627   582.98506108   564.65078872
   538.80402165   541.4532315    508.24872791   468.99355279   522.12567127
   562.22026678   546.84140409   481.68582021   542.39775785   678.36924831
   722.80410101   595.72297546   565.07496016   648.30167332   588.28620076
   507.62295126   501.14431683   522.02627479   474.49265849   500.00361839
   522.47047936   601.89914304   619.54724266   675.33952991   708.62758989
   632.29643677   488.13098682   557.02231395   571.30026484   617.22459388
   638.53904619   605.71388784   654.51988798   638.35308448   622.30903683
   541.59395087   546.17051611   611.16800712   563.0435926    597.0783332
   604.43737764   447.71671178   719.0283769    775.72420296   727.89081949
   626.72105567   553.80222233   490.74580688   548.6614252    627.06729292
   576.61125594   571.14723535   589.47428158   571.18782255   561.15686988
   703.43683357   762.40719449   785.67280137   819.03173885   795.48164383
   756.44571283   710.87982232   613.3378566    536.03830541   596.66321649
   534.98876142   525.15976574   543.72441037   544.91821643   517.27416751
   628.55745545   727.5884715    765.24569269   749.3527083    709.64030489
   644.706094     597.58085866   549.19713795   556.73314325   507.81192906
   534.91215994   560.04778822   585.1161522    608.58753657   595.80805467]
[ 1349.80139135  1341.19799319  1229.5163176   1074.47457833  1271.96126954
  1358.2965231   1319.83346885  1246.31937052  1247.43264448  1399.90753791
  1290.91150699  1276.60173969  1365.63961052  1512.09165305  1421.62628118
  1341.68133105  1267.90961175  1189.36088944  1125.20545525  1193.31712422
  1263.41871403  1433.942653    1374.81503101  1295.24372327  1251.25250516
  1319.92612495  1398.41907639  1459.20981021  1408.62446404  1371.66793805
  1291.0089573   1181.95844115  1204.71249638  1379.70822527  1414.33425624
  1416.5616421   1326.96276898  1265.86743985  1334.62219132  1355.6546434
  1304.90786784  1326.12289119  1043.42407394  1125.53544746  1331.50210601
  1457.34938626  1509.16576447  1535.75605544  1406.09639382  1390.35165114
  1391.91416153  1467.43653754  1271.81518584  1038.9580336   1262.51589545
  1410.02045301  1464.28294078  1331.63444101  1304.33316791  1429.80039375
  1399.06745162  1369.09628306  1382.40337058  1395.69777169  1412.71270584
  1355.93690324  1039.42725113  1104.5367136   1144.04517476  1237.44418895
  1394.8044517   1411.43394304  1409.443559    1301.95503533  1278.42630451
  1295.81926403  1394.71108572  1379.0831858   1373.4469757   1328.59085008
  1360.39147892  1319.90799192   954.96853602  1007.21937636  1008.81175251
  1030.65804764  1139.83788219  1156.22554106  1150.29230829  1197.23293374
  1241.47005358  1273.21374448  1306.48529692  1343.24786118  1313.49845968
  1353.4932432   1321.19626494   986.12672323  1015.24676917  1049.74450726
  1053.85092782  1048.80519296  1129.0309581   1197.137918    1230.99623968
  1271.0202717   1308.28961146  1343.80604276  1286.94058417  1259.20699708
  1243.41675238   943.55444601   965.41317824   985.68351421  1031.62824261
  1070.61934176  1101.04618518  1102.96590473  1102.15662419  1109.51898494
  1140.6454138   1162.03563971  1205.83221758  1209.2382797   1231.86358616
  1202.32767316   989.41729541  1005.01575838  1044.14302525  1065.74681483
  1068.73782805  1061.02868541  1070.85561934  1128.79551027  1126.64723613
  1150.97165215  1218.51168503  1152.59138966   993.10914167  1004.50198081
  1011.99109285  1027.19297917  1063.23236076  1104.241007    1075.56195663
  1055.77660063  1049.5634014   1071.39141946  1112.12929831  1129.29894346
  1184.04586014  1003.02036577  1023.36845098  1028.1992772   1021.84129795
  1024.01390883  1025.10265208  1043.85555752  1047.81978016  1057.39160947
  1041.08302653  1038.71583346  1038.32912668  1060.93861774  1106.78064381
  1156.41369515  1130.69710542  1054.94767286  1073.19278979  1074.75868021
  1069.99512964  1020.34504201  1019.0253065   1026.00293024  1053.63510491
  1098.34838623  1133.40604565  1138.86869287  1037.56248483  1103.43994073
  1090.75543328  1058.7419743   1048.01431659  1056.57330373  1036.39988319
  1027.61026439  1074.93870777  1152.53990623  1047.43783917  1146.71497928
  1127.43382904  1111.69194583  1094.36493614  1071.0033368   1082.88146747
  1080.75990423  1093.10615747  1104.63056947  1115.7999775   1071.22108459
  1065.82020284  1178.31848945  1123.53807505  1133.57699232  1035.04980985
  1047.53074504  1095.7238836   1124.40167246  1069.70028942  1152.48737395
  1090.50812877  1077.61238274  1044.62553561  1002.13319103  1027.72981451
  1014.06611609  1052.78558452  1088.67052535  1064.26292831  1050.45205353
  1064.81846856  1177.47180797  1012.02599773  1117.08921672  1123.55915695
  1122.81435499  1075.01813784  1037.80464938   986.10139221   993.64296851
  1053.20056192  1109.65437696  1069.07271472  1113.73811196  1175.50625769
  1216.22533232  1201.59707253  1024.04715062  1116.43490473  1150.07015136
  1056.70479574  1070.71114376  1105.70137401  1175.33828839  1216.15794266
  1191.95258402  1190.24151679  1247.73288902  1017.11792739  1139.75806442
  1218.21954597  1214.67729808  1192.6428418   1147.95966459  1106.67148714
  1090.83483614  1118.47168305  1201.12028312  1351.91575102  1404.40724919
  1396.26193301  1288.56611686  1214.58536005  1246.48742805  1048.5526376
  1188.51860935  1234.61283244  1239.19744305  1175.40992004  1184.63858628
  1208.85199219  1383.42600731  1434.51793181  1432.38331706  1430.36916024
  1357.79891145  1229.12400805  1238.58005843  1098.27796379  1267.61976203
  1277.00663711  1302.05071758  1322.6265999   1299.55798803  1264.09741474
  1242.11837765  1279.3944636   1462.20590517  1477.2952598   1454.33219868
  1420.8152215   1264.38293509  1305.13866224  1312.11223598  1301.1859903
  1222.74083406  1192.90228701  1222.55302887  1285.88199702  1381.5768384
  1450.74483452  1461.84097361  1450.46458252  1436.88054809  1386.24653162
  1136.21379643  1310.95912478  1305.52948625  1317.66899131  1296.83293634
  1279.57986201  1236.96740245  1209.09024537  1226.43521577  1317.36034528
  1527.93669199  1512.15702462  1500.78117314  1471.18142035  1405.67699714
  1049.39859269  1185.85499782  1264.16158751  1294.85089412  1320.59600586
  1270.74824456  1256.54979246  1276.19450132  1350.64734052  1440.44133513
  1523.59383979  1560.26619932  1559.66428692  1468.84825832  1407.01789172]
[  912.81892517   886.98769783   879.07336209   820.93027125   910.13746787
   905.60319792   838.56963395   750.51963333   727.18705563   883.08064839
   902.16825722   809.03819252   737.24994975   736.33363322   736.98741859
   748.26633363   761.19284053   735.43154384   710.7030042    862.98343958
   835.87350125   810.73544222   828.96098869   832.27798142   753.9909597
   709.32934866   719.59285447   781.47794999   752.27833518   731.76200653
   702.00966074   760.52757339   786.83443649   855.73530808   825.77962187
   771.74837207   765.21814904   739.85215092   742.04626548   771.1337595
   757.35461578   786.01922043   720.02126964   715.66802215   767.39595772
   790.0698421    805.15032608   835.90024135   823.29429494   803.66572812
   799.08871053   850.4351922    825.56011892   726.47051373   752.54556848
   750.97287258   873.64716254   897.48497172   878.5341912    882.49653699
   884.24150312   885.31384964   902.46933135   884.15840039   900.01906202
   899.20870776   701.83546938   842.70405913   761.43062168   749.16422159
   781.73360809   866.65299066   954.86874174  1035.31484056  1004.7566083
   941.97405646   882.85979524   845.751779     864.12804316   841.82886131
   892.19817914   928.79631939   659.12229536   822.41881147   751.26082234
   734.26254813   786.98524352   850.25185787   950.60454554   867.43137295
   869.02979727   866.19450489   864.8160676    858.17205008   888.8656532
   966.05275967  1017.78961443   697.44876913   807.61690059   860.0864652
   898.53843765   919.26762643   945.53672566   965.56482271   919.46647981
   916.05208835   899.01089709   936.11187998   947.05118061   997.41028245
   990.5891165    689.03239533   783.10301816   794.24011583   829.16590968
   898.29033138   976.66161342   964.73372954   981.44527154   994.37003402
  1054.41449518  1019.30488848  1003.43242063  1043.46618676  1094.18004689
   999.16046796   754.30398423   765.86688778   850.1566512    897.35032416
   920.33132215   942.07393601   969.35763586  1020.05433349  1003.90239104
  1020.9184068   1082.54597099   968.34482533   679.73559022   784.02591709
   784.35000063   804.8281891    892.04325863   926.18950105   879.06927297
   888.68215229   922.29762896   941.98649867   993.2777007   1010.76664377
  1052.41816629   717.6773988    792.9626395    780.69067059   796.15155887
   819.39706199   838.69860584   849.26908032   834.20898495   827.8813979
   812.92698243   824.87689319   870.63805722   910.27261247   961.27324145
  1026.89036228   945.89391663   865.40659432   855.8163426    852.28620704
   863.1398699    755.84300932   770.56170669   839.37985984   907.49114947
   967.99207437  1050.74035455  1006.20771954   856.61501775   962.36887248
   931.74572273   890.14571921   860.36467622   834.32782041   796.02823769
   798.70874902   974.30440258  1083.08011877   894.76580351  1027.25823114
  1017.7201242    993.54966386   962.96236671   912.26485181   939.77951587
   962.5130071    967.47405623   959.10070178   961.61011961  1029.12239516
  1067.62674956  1116.54789723  1016.48040841  1049.19144487   906.97748208
   879.06341693   977.1406425    958.54994964   998.7245239   1035.22721073
  1001.79051367   990.48980685   931.22616885   853.65720984   845.22906424
   848.74510511   934.94953805   956.1526132    863.57968623   870.73395417
   926.63701872  1012.15164417   811.65788463  1026.21402131  1013.81439111
   993.06603071   969.1911854    935.48204097   869.65066283   850.36372874
   967.68088599   915.63929551   907.85665369   957.32026004  1009.40246232
  1061.22187165  1011.28091317   816.02582153  1021.65153426   983.59995026
   867.29629129   973.86251936   967.76551374   925.0013298    928.07303521
   942.82942693   973.02206736  1077.84907744   816.2836875   1052.08237406
   995.57618245   982.86111434   963.68079023   949.80724039   945.94092673
   967.06382105   982.31441999   969.04387081   987.60481588  1048.69398355
  1064.22858302  1003.92043212  1002.27828781  1033.39038426   837.18751699
   960.07528295   930.23914473   924.37146833   896.26503236   922.73870056
   939.0870984    980.73932048   998.08718691  1012.45593512  1023.33323298
   991.77751181   970.75178923  1017.1535401    896.69120859  1064.33576547
   980.13767902   954.97716749   968.41675974   999.7747586    985.29020437
   974.85143858   977.56850822  1018.33351885  1007.13606206   989.09057389
   963.48942896   929.10713158  1090.02182905  1017.58137482   998.25676549
  1024.5227071   1021.58535706  1002.41687838   997.94671523  1013.46386193
  1008.97936144   976.25231976   969.71293286   978.4635834    962.75734634
   969.24917363  1134.24189248  1082.48981643  1089.42157596  1047.24529666
  1048.17812377  1035.70748376  1020.5209753    992.00559116   974.67391646
   953.42540958   922.97441377   915.96047081   922.43608375   965.51534
   924.66382303  1030.62806154  1057.70982124   988.90358771   970.10453542
   945.58344178   959.01090669   958.66277637   942.52824335   919.31101359
   900.78368505   892.88747455   857.0492415    901.240904     959.0144412 ]
[ 542.91161104  531.32015363  517.93287     487.46600688  528.19185448
  514.98435     487.49372279  470.62703325  493.51187926  514.56524731
  508.2731668   475.43579363  465.55408232  491.06600065  504.91721708
  522.62173685  527.00264621  521.65374328  490.10142754  534.29056486
  554.86678669  513.15715787  498.64506492  495.56239904  476.88433447
  490.20943899  514.22529043  555.58139496  533.52240006  513.71298224
  501.56749789  547.32269453  542.56356523  538.81054898  562.63359254
  513.8815609   508.05619949  509.97799303  544.52877971  589.41223442
  604.34133388  555.93926107  610.41588168  531.98173519  496.61286544
  539.08992281  554.95244079  555.99226927  549.9968334   559.86383404
  608.22695959  674.48079785  630.19689357  542.30266908  486.73768939
  506.79403887  584.63341777  617.77309405  653.14497044  734.16830438
  756.26341428  777.46409126  824.18054084  799.78387398  811.1992567
  800.84426986  587.09580602  596.58484507  526.44203512  496.01008291
  508.3775454   557.46101965  598.85246751  664.26154947  696.49956395
  703.2668705   667.3648768   660.08954862  720.12106903  691.61560899
  702.32635841  639.21505362  531.18115074  619.02061374  606.71728615
  579.01924599  550.96294191  578.08806508  681.43574889  635.58908408
  613.37352125  612.69516169  628.59955922  627.24441835  607.08779256
  617.25641886  601.20675373  626.85636347  626.28648632  576.62632644
  601.14887027  628.01077879  634.31470716  643.32864934  614.04379136
  612.72990524  597.98453192  583.52273495  583.48895843  589.71775997
  577.68000027  536.33766081  566.21794792  607.28094488  652.49541841
  664.68110835  675.84431135  663.42689252  665.22906762  662.77512606
  673.41013075  630.4343252   616.2583656   642.61886683  640.25407435
  605.52033397  576.31653555  583.27973454  658.40316651  678.80796672
  667.7293847   671.2761957   683.97943343  698.42437315  646.29471871
  646.93296459  693.39746313  631.47362524  604.85798531  536.78106017
  533.31248735  595.89276003  698.46200882  713.02788126  638.24867379
  630.08848378  672.38126773  668.71935724  607.04644929  610.37033925
  656.20971603  583.51468549  558.08634183  544.84548595  584.70067907
  619.10631783  626.7938454   631.2971292   621.39209452  607.26962633
  584.37417657  576.95945542  634.67755323  684.42462228  562.86072156
  596.97909021  617.46291846  611.68256686  613.43610558  650.77950338
  666.76796451  568.58202048  576.76647231  631.35284474  667.84425386
  553.02869     575.26232998  625.72149369  582.8490272   614.83755342
  620.69623995  611.7451963   620.48121155  624.65345072  590.8160516
  583.67980854  541.59901049  590.83585598  617.15998654  623.62776256
  618.14210707  632.15545244  669.55163365  634.73857602  592.21787477
  585.91546676  607.8497914   662.85442026  661.32552338  570.4105463
  563.82440803  581.72660813  591.98113536  589.77292586  667.57883443
  639.09081751  572.46748892  606.09314138  588.72229859  566.0787573
  566.10021886  570.04894326  620.47504417  618.97633209  624.49217816
  606.94485246  606.66165801  565.78968312  562.54563268  577.19369988
  618.18833048  624.22543689  540.41156594  569.54632509  554.00032522
  556.46047488  559.93884087  583.51654455  579.54152355  579.58937393
  604.12234428  545.42084163  551.825236    610.93940759  653.48405241
  667.56139407  623.56582433  560.88991999  567.80577629  553.64022388
  533.66046131  575.42437398  565.58547879  528.93577062  524.56712272
  519.72767941  546.77813696  623.07503344  564.7935838   566.93338056
  547.40005697  549.02093972  537.8462973   521.18862635  530.28032308
  539.75338386  561.74358303  537.68079863  530.79527106  545.99346499
  561.75206692  557.64937973  555.16908087  601.68928631  559.85105762
  537.71223759  540.11762047  531.23605721  511.95745557  519.63426624
  532.04418656  524.63427138  523.33574463  533.08914104  552.1137326
  546.20998753  567.56796686  581.78551713  596.33988426  592.9326354
  574.21819009  536.9461425   535.60016992  540.66216557  544.16279674
  532.08895544  523.23009518  544.79334583  535.68883421  530.70072766
  537.61342313  524.81045454  616.74233456  593.32779621  559.71443845
  592.39905563  582.41215862  554.82907929  547.81121221  543.27731842
  541.55144165  523.67541538  525.25869745  523.89598139  515.21158642
  626.77546779  641.64195097  621.67363086  608.22994483  576.59479544
  583.73597332  586.78730416  563.88975702  542.26053234  533.93078905
  551.36189441  533.60373084  521.65116248  523.01688992  531.61563784
  610.58362049  622.37763619  609.55228567  564.2301523   550.89601868
  530.14207579  533.87882825  529.53956001  522.53409803  515.83061967
  524.73662784  541.45157884  525.62543974  510.79895383  527.93635756]
Test8num = 335
Test8accuracy = 1.0
