[ 1147.37091779  1100.84429894  1168.87418446  1155.73287898  1123.45499442
  1076.96235408   959.29456526  1219.08675398  1225.63402023  1193.48382058
  1106.86746953   979.12368276   906.91188538   912.09893552  1019.16960624
   933.57559456   945.38409468   922.7929279    927.7176445    929.94723164
   924.45467283   898.17272507   907.5583799   1018.69463026   933.51546872
   883.90944873   900.61618605   922.09303728   898.27465238   890.02782363
   941.96159731   932.18011269   943.31132693  1015.18987606  1292.24164969
  1271.47620868  1202.24753625  1106.63310649  1012.06997307   918.55550122
   902.0036697    928.16314041   948.1601071    919.58623255   999.50553688
  1064.72298046  1217.14160817  1291.34575042  1220.61477442  1122.3875051
  1031.35471439   960.02587667   939.0948095    931.74799822   894.88361091
   942.41323446   969.94850327  1347.06727207  1309.73898276  1279.71658766
  1188.64208046  1133.07762122   907.83026569   929.76366953   982.14080875
   855.58017836   899.65187515  1090.72149097  1397.74975156  1463.24604996
  1415.21996076  1357.66209212  1070.24947267   974.33635332   867.16376817
   833.97159262  1033.43131862  1492.9281108   1388.03226985  1477.51753699
  1477.8738344   1491.40061448  1445.01021009  1032.12565961   855.43834245
   793.52672865  1189.92252521  1555.56090472  1390.86228181  1442.4909458
  1450.07815627  1472.17210823  1463.64105238  1375.24715712  1124.07020493
   869.88630382   828.41936281   835.01685935  1086.40128882  1452.38656435
  1479.67639734  1405.93515841  1681.89918067  1392.3253816   1438.84196199
  1442.31063025  1395.94755512  1342.20392954  1098.70842472   887.13897631
   972.61439784   907.03657201   933.68890407  1271.67285918  1492.9196445
  1406.33770432  1397.23398501  1435.76635579  1563.23817843  1251.33047051
  1213.70303818  1223.82976451  1198.84174186  1188.59299902  1134.35902273
  1032.75261491   928.83166182   960.99344449   961.82842816   861.99032749
   809.33166875  1047.21356047  1122.68546615  1159.34292618  1267.9756521
  1400.47490102  1482.00503168  1003.4424395   1008.69916776   997.59319405
   998.92613007  1013.72304235  1085.60891344  1067.05307312  1068.77068101
  1041.16996359  1080.94711205  1179.90833245  1231.8583383   2103.6690951
  1011.49124712   949.16785117   904.95513003   897.93193382  1077.92246987
  1162.73730399  1161.17193895  1110.77050876  1065.49381575  1044.20567495
   962.02489072   971.22371386   992.2305611    916.63383026   844.31832227
   828.03217426   988.29895278  1548.10958739  1000.90832625   935.55466882
   905.02505344   910.41529652   868.43107232  1016.43020256   998.28106949
  1144.94497177  1213.94236951  1234.63426505  1241.17902223  1212.38289042
  1182.11325247  1143.74031709  1140.12141661  1070.56981453   978.15038846
   892.33306591   892.28895302   860.45329237  1014.56192619  1058.83316362
   964.65334274   916.82990609   906.53507404   896.20409714   990.28043697
   963.36459939   913.97873735  1019.95353537  1182.54517845  1216.91222967
  1203.20793812  1158.64787462  1144.71729239  1132.50684794  1113.25113153
  1039.4728143   1023.22420203   962.66903362   906.33709303   838.50131701
  1066.64025025   914.20049197   914.04534228   963.21024792   862.18569842
   923.07660291  1007.820768    1115.06825866  1132.56866779  1111.94936012
  1149.28902544  1188.55400059  1166.59592304  1158.96183654  1162.42606049
  1159.74843995  1148.97066754  1031.09581941   945.95363152   832.58445116
  1052.35450412   983.1219974    930.24921331   922.6673252    925.39301804
  1083.99768471   843.06654787   837.01103771   829.23919868   942.6179776
  1008.90177557  1073.15837026  1164.20342651  1174.46307057  1157.68407057
  1152.17437378  1190.52128442  1128.38639083  1010.24532523   876.30604192
  1108.37882474  1045.78557002  1029.32373136  1051.21462327  1050.02072456
  1125.55041803  1031.71205993   980.79456449   893.69968215   855.09538439
   933.61894181  1204.2560835   1263.66035617  1203.08246358  1174.11657922
  1159.70189605  1198.41770815  1178.08000209  1200.15364195  1111.7209619
  1167.72905126  1235.09556647  1078.69164849   927.95014047  1052.8196207
   969.32825775   897.83270001  1056.69263211  1258.14844481  1201.55299659
  1185.48139765  1180.87195154  1273.96515898  1124.38049161  1079.48008954
   920.19388686   917.12509479   947.05877654  1029.56604972   989.48068451
   884.57189062  1097.95192174  1177.95295833  1182.6609943   1176.93788288
  1183.78310748  1112.9973984    994.6636062   1151.33758324  1007.94626742
   952.82211005   970.83498297  1010.01568006   924.42524398   884.09752114
   931.51491352   962.22323525  1041.17485149  1067.01626599  1073.14650529
  1077.23753001   991.24884912   930.03092623   953.51770043  1005.23075602
  1023.29630412  1033.12132477   979.94234059  1019.70556463  1072.86078811
  1028.69638111   851.60311749   838.77591193   830.54154288   889.45047586
   943.64960003  1164.68793338  1148.39943356  1118.81000511  1011.28458305
   981.86040938  1096.45710227  1150.18838035   975.44699533   901.09606255
   950.90458172   920.70607001   960.35262574  1015.1600143   1085.76656038
  1177.1660103   1221.61920434  1224.82714439  1204.58929026  1163.42969548
  1098.25481836  1019.69457675   982.19008705  1129.72810431  1095.99708115
   978.73654006   907.7677705    932.75832869   983.03117949  1009.01592332
  1136.98030067  1223.80575314  1232.30204184  1193.37594375  1161.97413951
  1095.77473881  1034.05087368  1060.54663746   990.50395814   943.84406473
   949.34569955   989.75690689  1036.6837923   1065.32147246  1205.40628689
  1184.92532269  1168.85088407  1138.08209214  1071.30190201   988.32782527
  1034.46656657  1042.35069706  1010.26924775  1039.27191544  1086.43348035
  1103.44459839  1129.66592435  1127.65029618  1090.81490426  1050.96189627
  1041.46838119  1019.93956655   928.61227377   948.11194087  1032.02250675
  1053.67812011  1047.78632564  1053.36913946  1035.77218849  1041.92972739
  1049.81157362  1037.16285723  1047.42686918  1034.9085864   1013.82776949
  1003.02935304  1038.15942669  1013.43676962   918.16006987   945.80642942
  1018.12881762  1030.79059558   960.72609132   970.46747955   982.50224838
  1002.02885379   993.54951548   972.09058776   984.59561071  1029.07088018
  1021.01786394]
[ 420.11785249  440.40018785  444.12730278  509.36209667  520.26471229
  498.98435386  404.80643995  584.97444845  638.00584428  572.44600371
  559.46962379  487.49113389  477.06788713  546.03858126  531.97372215
  434.72701004  424.3456399   535.03730802  432.66193671  420.12338009
  400.17783303  417.07829544  560.90370421  477.06603738  470.85058823
  450.14094336  449.33949872  559.85286491  459.44016806  448.9193892
  419.75148175  467.92613674  535.86111053  529.34838587  635.8005341
  577.88178241  556.40106996  536.86577217  523.98507239  554.01571329
  506.80995553  443.93262364  420.5685865   486.97655725  473.03324361
  454.21397646  516.32961354  669.44268628  618.35119723  743.31576067
  698.4674938   581.05435168  433.71162034  418.09988919  446.61003179
  395.0534595   365.8133754   641.15165865  641.4468387   674.30746374
  762.00968395  692.74546435  462.28145667  469.5531878   612.0244348
  544.28251228  503.96811775  603.44361873  647.36374136  666.73654947
  647.00686377  636.78641435  633.54028876  493.71173719  505.28749626
  475.12356774  600.36450917  578.18468292  661.50745474  666.49766962
  664.87508934  645.95037824  591.58421684  550.70724053  480.80013663
  504.7830454   626.8491705   639.00137414  628.93870018  653.89195406
  660.47129152  673.06359521  648.20967222  611.47611785  526.92907046
  483.00837688  453.71124375  488.27431252  640.81980271  658.95787538
  653.89567889  674.36156435  738.50655072  624.14891098  616.24192283
  605.75534736  662.95136621  721.93311727  744.31220576  420.63524767
  417.77055635  435.22480533  579.44314211  656.16184206  616.98089936
  649.74915298  715.66803354  776.9820159   755.85099171  608.73551348
  601.37421908  599.73656105  703.58135673  767.93462473  705.65312876
  402.56282415  440.15871008  455.65580707  412.42375901  459.70180826
  540.69629108  618.27652576  609.13712279  654.5758894   680.73252909
  694.08554507  750.90187248  581.67247876  607.20026796  629.76985896
  743.84340491  495.96853124  410.46972599  404.70463444  428.77860133
  418.1001853   691.31468416  745.04013881  702.19431932  679.13961269
  610.93346236  435.82482324  448.42347812  452.20765093  728.73807166
  416.81626584  428.13770263  431.23750974  428.33892124  450.96288855
  512.059635    486.48233031  471.93922555  558.21907809  648.68950407
  694.48620157  629.57904464  640.61443782  633.67969429  476.39130941
  427.03610066  422.02041677  436.22785757  456.57979194  539.80589104
  500.70960317  408.24601553  399.49295987  378.67433701  410.75361838
  450.63987773  485.97570199  496.66835734  583.45060937  580.0799665
  503.02341567  497.65493769  539.49745825  539.64392242  629.59772136
  444.07676192  397.8823469   483.65740677  488.77323038  422.49029824
  547.21733522  508.85491735  503.54451507  450.14889022  416.59458927
  413.61835329  435.09079371  487.77467666  496.11802397  559.83886585
  505.16599272  501.7723285   533.2854952   560.10209796  578.94561039
  625.81345775  459.27058291  497.18445091  524.1621491   560.20122904
  489.81514845  456.95348105  436.23419747  425.56347483  448.66780574
  516.71104176  517.74719452  537.93208938  520.97375895  474.41958129
  465.63813116  505.42394359  536.5935362   505.0375562   505.22493477
  577.65438264  432.62823433  451.34397013  500.83042789  511.600186
  505.73868054  472.30636001  511.20176056  514.76688682  478.05555265
  424.13738708  422.00139477  499.4242102   485.18354394  474.33095467
  494.21853398  550.2156241   593.76131533  453.80372079  489.76183015
  517.18074871  418.02874974  413.43790696  546.141671    577.59731916
  532.67445294  560.59558114  497.38355397  445.30354649  445.56237859
  464.96473887  473.19440242  460.76231116  495.02658064  473.38504433
  538.39251555  606.31418516  636.53800044  487.71895558  376.56580663
  565.78416992  615.90952611  454.09996494  543.84168779  480.02338346
  455.78109893  483.14270483  481.33037561  449.65227375  473.01985612
  447.49598074  515.39960141  447.64505321  605.56644371  445.49785119
  539.90771537  534.28713778  507.57217456  439.33380733  411.37938639
  483.85116038  526.44448469  557.49949115  505.90051699  444.31895297
  464.48163646  485.11904192  476.29337612  589.62191642  603.8248444
  488.0666996   473.978611    447.08163977  430.40609316  427.88738358
  469.3402314   533.27340534  549.76125308  505.01859565  504.67289838
  508.8721254   542.16157014  472.69220184  482.55322587  455.08323646
  431.4990425   389.9653815   404.0729701   498.57095618  387.89718268
  428.56440826  429.06133613  405.84170479  400.27720193  471.02017728
  490.31815343  379.67993944  374.47515841  465.52613688  425.69840804
  456.97470528  487.51078667  390.98810539  493.42469013  503.08241295
  439.4055445   432.3075399   508.74893239  488.29048068  463.87393824
  373.97122523  343.89082729  339.3593741   368.12927306  403.84822035
  408.78399556  396.2868568   436.23933649  444.93813612  422.54236956
  453.58110446  510.7984395   431.36392798  478.11279404  457.29911851
  422.08162753  362.69747377  362.18191228  385.517377    365.40507807
  387.68294718  379.31707509  408.63508331  417.31088368  466.56494898
  462.16098366  478.2471827   442.92515236  423.62166471  379.06284268
  401.80202258  429.17565176  433.89610623  454.18452945  430.57059234
  463.3843448   465.30694157  503.79167248  442.70851102  420.24387929
  381.40472187  382.01511856  404.40412219  434.88803333  447.22406739
  459.73983763  480.21194269  561.75197554  433.17088192  478.9667758
  480.67576215  446.13068761  431.13350411  440.62023677  481.28768501
  465.6797135   434.72788059  476.18865469  496.740706    504.6310927
  463.5779855   460.95198844  449.10715851  589.67859698  508.57069103
  460.00050016  454.78718817  449.81728757  414.07716176  428.96787676
  432.19215779  500.29976102  514.71348236  521.63590456  515.11663761
  486.36837609]
[ 426.43697663  480.76634438  422.77202619  454.02450418  452.88744259
  454.46772917  454.15010319  512.87983477  492.80262726  472.9655205
  473.13620592  472.95578377  496.22804309  606.60939053  601.97783743
  443.67479819  468.79262304  542.83305121  466.37098454  450.23370165
  433.73286319  471.82369265  623.49240117  484.6369687   495.39176838
  504.96863486  441.9263532   630.43617783  535.82395166  410.17163632
  395.9537133   477.41937633  550.95652549  574.03607233  548.95726339
  537.44261385  567.53936361  538.17205787  606.83323658  606.23897721
  514.35447951  467.10142218  416.22969501  430.58864091  489.48367019
  523.22968257  573.43332995  553.61292558  616.74678271  689.78463735
  655.76998917  562.39061348  458.46505982  407.96172776  459.82341562
  470.09628544  427.62684437  576.96260163  579.59883897  637.23770008
  628.09694794  553.49227318  447.68174944  485.88745966  608.15878115
  650.25320405  605.84809201  599.53083921  633.68609357  669.9399099
  632.86748731  586.36513846  568.81659071  630.25060995  552.56195083
  536.05468968  633.5444247   611.79685408  633.63336014  672.2362563
  646.80033096  676.30222273  655.25003161  499.02674767  530.34447895
  477.70494191  668.69031724  715.39999371  627.77976613  688.88229223
  651.87235996  686.51541321  671.36598293  664.10695195  479.90909961
  509.65458295  450.98177329  483.00453125  614.95711128  711.12641204
  750.79401513  757.303317    633.81828648  631.14229682  704.92706006
  697.81591106  718.2410076   750.21139619  660.77176631  420.4563191
  411.26123231  423.59092094  578.55066225  693.31896333  686.10433234
  709.40912218  765.59272262  689.65551097  644.72292806  634.77013645
  680.55366857  701.09121752  763.18080816  778.93955705  698.6240423
  333.20681815  440.97561368  463.45757457  443.26847279  482.70024864
  535.01165438  614.60793884  628.13423406  677.28513298  700.47877446
  656.46222914  686.375445    662.83673007  748.86692458  665.41960342
  687.242119    507.05339372  449.62677369  445.63425146  428.28085909
  427.174091    673.06614654  708.43845466  675.78787117  541.02510983
  610.76325433  485.88118655  448.15961146  444.64803472  711.84128756
  449.94333401  502.96994676  496.25324909  490.01216427  504.78152158
  548.45099769  465.70264405  459.765995    518.74274383  561.40222109
  602.36403931  555.81143301  512.52445424  578.15038785  475.66526275
  400.52365966  433.69523172  429.98173237  324.8446221   499.08173112
  457.75984997  419.18091257  413.54967663  408.0106173   471.72504853
  538.40278291  514.6273268   447.72604533  495.22116489  498.11110165
  440.591025    427.5960795   598.84678635  529.43502586  591.04526624
  483.22962802  405.42472987  437.15671175  450.68317447  392.34039531
  399.79376043  530.47151874  503.4598269   428.35288204  410.20805173
  457.93364455  542.51643715  453.11233201  368.58001878  434.8841105
  432.44309109  392.41655655  415.69287968  493.3181761   632.08299665
  591.72383184  408.58790302  491.34624649  462.18852851  530.45447104
  524.63480313  499.88188824  441.35725202  431.55384689  554.31904683
  514.13309059  440.32192562  409.16842     432.98598479  458.69619966
  431.97274406  413.44065185  445.04942034  451.75695446  504.49661944
  552.14824458  514.72908254  483.08939795  465.0864729   478.6067118
  462.38538186  485.18297943  584.93140529  605.38755812  558.85273678
  461.30322943  460.60416019  509.04639698  422.26091326  395.71097526
  366.73527329  488.35533947  582.08067766  436.70131523  481.00297006
  536.24293378  527.17982257  503.46452656  519.42461243  575.50037443
  467.76766806  468.02327837  541.20753927  498.36260508  499.58627269
  490.44376839  536.75367776  522.85022145  480.55378726  393.92543289
  394.59888687  549.30023487  616.50097662  499.94421529  466.27279509
  516.51502871  532.13179361  460.39516552  507.62537545  503.02122121
  501.43796634  517.49431393  474.11871565  485.16978372  505.92363825
  411.15133262  459.01860555  419.50270195  537.83113053  474.17014755
  509.67631167  589.9864399   587.62503724  506.29900732  477.50514824
  561.86990734  497.47736521  471.44148865  474.49615673  427.23381464
  430.05554668  445.86083614  426.47898388  579.47094985  546.69068958
  574.23074365  603.48463632  558.37707085  522.01169124  503.04032638
  489.596262    547.88313935  513.26640513  507.62113222  463.06025099
  452.10317499  457.32941534  460.68875728  422.2231016   392.23624871
  362.22455402  358.08473985  367.68031404  475.42848225  386.81380971
  429.89167795  440.87219417  438.61994684  429.27521728  401.91000907
  372.36664286  561.59462792  626.03535166  633.05539577  475.56139649
  417.46163532  505.25047974  395.48054396  465.54139153  473.06797224
  401.41847698  410.5775873   366.22748412  345.24285051  377.83500942
  374.92829446  400.98890743  402.12889545  428.95802422  408.65234272
  376.24511982  331.94277463  327.5917255   466.6321173   348.2797169
  374.74527135  431.31856393  408.48360768  344.38120031  337.43274461
  417.03807978  392.90257261  413.06248925  409.35494076  344.12159047
  295.39723857  303.64086121  323.89856131  327.19603528  393.37335533
  409.47483926  386.27993462  346.68590747  358.46301934  378.96739265
  377.45395383  368.53908502  341.54340934  302.60656749  319.18857455
  397.10965158  359.81658108  389.54993345  345.07646429  361.08979006
  364.74476616  381.16367941  428.6583939   347.71585037  317.55248226
  304.37909148  315.70718909  530.27614684  469.93674064  427.62193184
  400.46119694  340.00747725  354.54127838  369.39793956  368.52944457
  343.53287875  331.49370898  344.00234467  333.124197    323.63319825
  318.3350499   331.85337826  352.26044874  520.22134132  454.7025986
  313.59287109  333.32758741  410.34424446  353.18635374  320.34368994
  321.93068351  341.32522596  336.03711482  363.03061406  390.19487524
  421.61152508]
[  744.45072074   801.68144817   720.1196281    750.11678      780.87957584
   765.11364937   725.49083135   858.03883132   845.46365934   779.30183187
   719.35552262   578.91102262   571.31648082   800.5906578    997.38347605
   648.02983831   663.77232776   806.3415306    551.89905588   568.87376081
   689.91318376   709.73342465   832.63139805   664.37152511   519.6843862
   555.72400755   658.45733886   701.25043605   549.96001417   625.62902576
   670.81553428   623.76845853   556.93650198   724.66525824   955.21686654
   937.81016136   858.23273504   773.4066389    693.68310956   593.41182787
   568.96324418   711.36979899   732.48855219   565.61033147   616.0324872
   624.97141999   679.56781151  1246.80363811  1133.56861253   999.51879931
   845.97899879   686.85443008   697.47916649   644.03346683   504.7697275
   508.81254862   541.99035293  1510.12449668  1454.81580612  1382.94651883
  1067.36818099   878.39723123   473.66066097   430.84036056   603.32342589
   660.51716654   673.87683231   728.57743109  1573.04913859  1581.87154769
  1567.5155634   1471.24829422   745.63722775   511.418979     468.06785268
   498.71936814   785.93205986   842.92409335  1540.44849778  1592.02864947
  1575.64940238  1597.78211713  1574.55538473   539.23751689   462.19149961
   464.45083629   793.91362856   925.09788074  1573.81297121  1651.90328768
  1614.44959791  1610.65419396  1593.6741863   1548.16623759   566.18716892
   495.39837302   504.92367359   578.21710641   774.87091584   929.38672165
  1307.90826084  1492.18474497  1569.46035594  1553.91084438  1710.1928361
  1679.25920905  1603.86364552  1549.09169513   929.68081499   490.52746839
   538.57828244   560.16034382   717.14332413   885.04397833  1070.59654241
  1371.02055159  1556.93603389  1447.4918278   1476.65067605  1378.34958311
  1490.74637699  1485.51609223  1345.64474654  1258.01317991  1043.3889926
   491.64847017   547.19308915   521.29574326   507.6022885    607.10118903
   631.1370949    842.79152195   854.4657554   1084.12577776  1439.28070488
  1575.37301414  1382.03798171   954.67108533   977.41351215   902.39690736
   848.50195847   576.79319786   535.03409742   550.26676016   588.34531589
   632.29311664  1315.49810167  1263.27869316  1139.65392222   841.66620332
   738.55583486   621.34788438   540.53266903   566.50371027   628.52745855
   589.22513712   572.47166512   625.77383275   703.60947709   727.19778907
   741.24046418   672.14583733   628.45744825   593.54692958   608.83024822
   734.86458229   850.06536968   633.39473568   615.12000501   511.60787527
   581.83156922   637.02941866   619.95784128   482.89322766   466.69693711
   520.01894323   555.09260147   573.64534573   606.55335267   665.60772114
   760.17149818   795.54185003   629.22690194   554.33741631   502.37330105
   487.80609971   515.89770213   579.34572322   669.56836581   667.26791968
   518.34141442   580.44279947   577.20842996   518.41492788   388.84699652
   493.70240718   431.97710821   478.58127813   612.07954003   659.66954833
   674.15941351   744.42792195   726.12904166   576.80340091   606.67235965
   536.96942235   493.21439847   436.25986443   455.29028606   694.94663384
   628.57167359   540.05570951   420.29050197   596.62186336   509.42117242
   565.45586958   654.41408375   722.63498166   662.20743433   642.412692
   616.64703845   562.24010148   582.46877823   639.98769122   642.68141776
   606.94294279   540.245554     473.88527634   431.26883394   508.78683741
   654.33933571   550.98440111   498.81360884   508.26236228   524.00470211
   669.14338066   603.18894132   708.21147304   755.31378208   786.26217964
   597.01702055   547.18359283   553.92106809   556.607336     578.15030958
   562.97125232   575.94482704   502.86798688   437.24934658   484.20141693
   693.36140231   689.07308857   708.13996989   717.11069831   656.70739427
   739.58355511   692.74032442   699.42699253   692.69640234   588.23935629
   497.70452326   540.16851908   510.95065265   525.74750918   543.27663603
   524.49020032   551.34272812   540.78133643   672.33841391   764.29118677
   849.58921259   939.96851767   716.75806192   676.58581005   709.58504126
   686.15323583   491.74740591   520.14004148   513.26479324   550.1863416
   552.79486841   515.57102677   595.79281781   804.48195892   675.33454491
   604.37460702   584.72967053   582.61047421   666.597396     677.71250231
   500.58405023   474.33329826   486.88935311   541.68938038   543.9234497
   515.95141946   481.81069302   433.65446151   658.03223988   612.62778754
   531.21266499   508.43282187   538.91621592   550.97748474   479.67254095
   446.78892877   464.18883754   490.97797764   502.36456504   488.02080397
   464.34502421   430.15648988   391.31273953   415.01962302   421.44738906
   438.94312358   485.15381453   464.57364183   745.43121197   560.7831702
   489.12468694   464.19607384   484.00004945   472.08246867   435.90118085
   422.5014231    633.24861633   584.48993304   516.72716587   505.25633779
   462.38118715   725.09532216   524.20903766   439.99702244   463.22745243
   506.34242284   491.02248232   478.48801872   428.72269121   428.50420225
   518.60166009   598.92845865   595.32733133   542.69456768   471.04440205
   471.22856723   499.95404934   443.33130396   722.62570315   470.91217311
   451.52807601   470.83209876   496.13369846   474.97393091   468.33205123
   463.80107578   545.20963998   601.86946893   521.74335498   457.57659453
   433.10468819   439.55701385   472.6895447    443.93559247   440.12318558
   449.7661831    455.35853444   480.48032963   472.85313224   530.1835201
   489.29366653   467.12495888   432.79187263   428.6500679    443.33132834
   468.04870176   440.62762419   404.88455656   448.25342697   460.47358439
   464.66052567   479.10878911   490.89111786   432.90533577   443.29629461
   466.38181754   412.56482515   691.47402607   500.41644099   453.75285414
   440.22399942   454.88069148   460.63485331   436.57255647   430.43910125
   447.56429503   476.71989744   440.18963964   434.17148163   454.19122078
   481.74978394   469.35347035   417.62390759   745.3235886    474.85009
   446.70265126   428.01175107   439.62341677   459.5775242    479.08212691
   500.07472826   465.94774446   468.69992572   475.20798499   478.18154905
   444.18246198]
[ 1067.37458954  1003.86423896  1064.45932334  1076.28003137  1090.22786122
  1102.74545598   800.11715282  1002.37181812  1096.3889046   1166.5557013
  1222.61120311   993.01032718   812.52508308   827.27931518   941.80942042
   869.00348821   859.78398994   804.94251162   706.21152938   765.5455377
   819.10312719   796.02836744   740.64811329   974.2025706    802.82437234
   780.85481449   774.79290449   848.47131045   770.44725046   745.49004116
   761.74080349   820.03756254   945.05260556  1087.69068336  1266.19802815
  1295.46005652  1216.59376905  1099.33035796   952.9199332    850.09025665
   757.24487302   804.47778084   822.29838927   768.24643754  1039.80560398
  1069.05462185  1007.92945589  1036.76967385   938.45997955   919.4961308
   963.07485308   865.2407576    752.49610019   779.896357     835.7350004
   977.91267599  1110.1760032   1102.72824165  1049.29965632   948.12152666
   991.11701421  1040.11866668   733.73345949   833.64937576   822.94328368
   621.93926394   718.79804917   860.47507126  1115.2106789   1376.62514761
  1351.19175509  1228.57674404   994.18007248   775.57837075   654.97870461
   646.48086012   736.35275295   948.02277561  1083.78348157  1378.15829788
  1426.52792346  1444.03390861  1330.38621524   975.61792282   730.64701903
   634.6160918    975.68059278  1101.24138771  1141.7394731   1390.27157727
  1415.77525937  1418.49803923  1369.25543077  1206.25689495   934.76305582
   709.10008646   634.39283845   714.57328079   936.98895215  1106.93718234
   680.11099512   679.55814799   827.70913864  1088.03798144  1340.75428182
  1356.56650521  1260.77999652  1201.56617615   859.40756378   673.36486969
   666.51488588   669.25653731   855.44654923  1025.36597867   988.97128254
   605.76882384   724.94895799   992.6569517    791.31382592   810.72638376
   931.04169519   953.74522927   840.20992298   839.21874525   771.3386026
   796.9003502    709.69143932   617.11211333   646.09870857   681.25302089
   724.39385917   917.19642756   798.73220322   555.05704644   642.1756491
   881.42673247   852.05913914   738.17603706   727.89177602   702.47453857
   770.86049286   836.18010848   538.89150541   560.15715353   579.27978667
   593.04038516   708.8787531    982.92669318   811.61088884   970.15453062
   877.26036035   923.35029324   803.38284849   794.48152976   704.58048412
   528.24151928   538.34181492   505.18938623   513.78946518   506.22235491
   661.07058555   774.64571755   708.37093906   659.3546565    640.62580671
   737.79124586   952.49664834  1114.04587665   910.38251509   893.73881216
   895.87570945   827.83911918   799.85992844   674.14629977   573.40470097
   501.25463418   562.39207617   570.78977024   581.41245318   597.22323301
   634.77015582   820.35136678   897.35665047   721.45762328   567.45617817
   658.08234402   703.47668936   679.94720339   879.76705689   831.68891449
   831.0195357    873.89786072   696.70477752   705.84890382   787.32516451
   732.3700864    587.63159322   531.36975905   553.13415374   608.90034373
   646.43611403   677.60270254   929.62067827  1154.17894576  1024.70839229
   712.62592513   629.96630047   609.52791979   638.03425539   729.10238216
   891.17255308   894.81226075   736.77670089  1004.17403928   775.93743801
   618.08467372   568.378341     573.89966019   522.52283041   580.54134385
   755.78939253   957.59277019  1117.92909213  1106.12774216  1032.77036283
   947.50549834   772.82707868   650.21730208   597.83535564   683.68854097
   872.10909728   951.67449334   866.74496708   803.94510441   792.51667795
  1152.08790571   867.13089925   760.32528607   697.28815008   633.36966312
   656.60429162   527.62702062   606.32609936  1102.40622172  1171.18481221
  1159.28426624  1111.89818111   684.13788021   550.4284638    656.72520169
  1002.05341806  1079.79238615   995.64212863   959.40959031   968.55057976
  1243.09102507  1006.96947061   796.69402947   695.06902416   667.51135381
   684.87677074   591.48137714   819.22728636  1015.5249995   1132.3558657
  1108.71199575  1014.5234434    803.05543984   865.54731382  1014.19520484
  1016.93092435  1115.78163172  1100.53421236   886.68403987   858.21240789
   777.39486039   651.36491262   535.57126019   720.20146598   851.83539242
   945.88592176   903.45638935   774.82652493   938.59875313  1050.00292812
   814.7574816    681.87430561   748.0600925    901.36805442   945.20318087
   688.48890038   525.94942174   566.78796588   633.13262553   712.15431603
   671.9454985    632.26251184   584.42359304  1000.05968001   760.67082892
   750.35770061   825.03946557   846.39978285   782.89735968   742.79881044
   681.29752502   609.16743639   545.253909     566.33467605   576.31415606
   560.62973028   568.21109652   597.70853987   704.84695617   672.25479838
   690.27179634   711.73135307   700.6729182    789.50193783   681.33026284
   635.28048515   775.48339977   783.61758109   709.1218456    629.43810079
   640.46977463   760.42096577   791.91411956   820.33621002   847.36838819
   760.46073654   735.83566229   682.54116456   662.20109976   693.14678679
   822.84722919   708.10200889   679.30389723   642.78648377   581.54152177
   566.55111149   611.25140719   619.47284701   609.90770495   596.574174
   594.88008527   671.19984865   652.78867189   730.03034957   637.305717
   670.51888288   695.71836387   744.80624554   674.93303391   652.10010331
   571.91542545   577.94288589   605.30229166   615.93547205   624.70557011
   605.99992198   645.68123227   632.62651451   661.79356472   671.44537061
   694.19407075   685.29823675   665.46200812   645.99593571   563.19012679
   597.43983114   616.27063423   607.62638486   603.24316153   656.9162473
   637.48525392   608.25750796   636.23023882   679.80649357   648.49285836
   628.50647566   590.64735414   588.4568336    636.75234067   630.46667835
   652.6332074    629.21385798   834.1259853    772.2501504    624.66036053
   614.24119679   685.85895489   666.80810912   628.10391491   606.44988926
   605.85998855   660.65535912   650.42347856   646.52990264   654.9639785
   665.77822185   648.59981281   624.03527512   834.61550646   673.26495711
   655.75470644   640.5177327    682.40508474   707.93073975   689.49041266
   677.17774341   657.61880641   667.73835348   670.61953397   661.37103044
   653.94987728]
[ 1319.88750536  1274.80742078  1299.58788998  1242.68293978  1255.0365597
  1264.48111161   892.23617964  1370.11534523  1365.88703542  1415.91167399
  1413.79394169  1117.13221745   899.43208044   815.4893662    916.72246339
   898.46655973   883.32205975   858.06765809   818.19092345   838.17683058
   904.48931428   869.18999062   846.33639235  1115.49949467   957.17779951
   869.07439297   842.38819601   942.45111998   916.74554388   870.45509566
   893.10391861   968.42859316  1103.93869196  1302.20772563  1396.3858236
  1377.96247981  1368.66746514  1309.75290397  1188.37457535  1024.53594882
   911.80868398   959.47412544   976.68635338   938.71884851  1182.01397586
  1253.76119566  1274.1418714   1247.93469037  1161.64375486  1230.46769917
  1231.79445794  1070.40785381   906.56388949   911.48946143   939.88251414
  1037.34220949  1181.91741198  1285.63605451  1218.06747369  1186.06343839
  1256.20083332  1228.99092523   773.9997819    803.07557411   961.77911412
   665.35563646   699.49275015   740.58868741  1280.20305472  1448.60243378
  1434.98039641  1378.27873683  1192.01631761   773.95867495   693.47299454
   677.01713129   937.33789627  1564.74074627  1266.34684206  1448.13312346
  1471.88219967  1467.83273184  1418.47051542   819.64832618   718.20300494
   635.30410289  1548.56112355  1636.82451482  1308.73386821  1468.62007604
  1478.48189743  1480.07346349  1452.08475078  1357.0683817    777.06541121
   709.13023135   682.12711546   703.50731387  1440.74634021  1673.22777528
  1230.04593726  1032.91175736  1049.2901522   1298.19905026  1440.91889906
  1447.36006851  1392.57338872  1394.49264584  1081.24617108   718.7497741
   767.12552599   756.69456138  1025.1799957   1574.16565641  1591.69636074
  1169.44421918  1065.73514255  1158.02957691  1026.77439074  1135.08981954
  1166.51161415  1180.50890744  1133.97525346  1159.94513314  1103.64768877
   652.6867997    682.06753082   707.86673553   748.72507424   681.51582975
   728.03960592  1495.59621252  1458.9666891   1151.12912093  1025.37430129
  1127.75313565  1065.57198639   977.38083618   982.66621508   965.40005604
   972.21797979   664.56231746   815.3697705    801.46289413   798.13044938
   764.62470399  1014.76505328  1144.16261031  1015.72600253   997.96666839
  1104.14828299  1011.43840579   897.17585193   903.27773979   696.51361292
   872.17157147   888.66260675   864.96204299   848.60223417   875.66537443
   905.35843941   936.30742079   908.102616     826.19450111   776.21342617
   818.38874728   890.77035241   898.24791972  1123.35161266   967.92971648
   936.77930386   878.23296564   808.81505418   672.11146702   788.84754925
   887.82023294   948.70079076   968.41270832   987.53501344  1001.2273997
  1031.35548426  1019.035276     986.27746291   891.18073371   797.30065564
   740.77088408   744.73726458   701.0967626    692.97936808  1066.11747281
   926.57794316   912.62605774   769.41186534   726.6340239    692.80606621
   663.65547037   717.02367983   817.2581589    938.97977055  1006.64564211
  1020.90055058  1021.52851259  1035.12657269  1025.98654714   949.59764462
   815.99699912   772.67207537   728.10687777   704.62291376   678.89674445
  1082.70743726   930.05835466   707.71391025   896.17027089   747.45998206
   752.70531257   824.00077428   902.41850398   902.91283314   887.87752899
   937.59071      974.55206152   997.35885682   979.16855598   965.0301261
   933.54135402   875.58724218   781.55039483   725.53515793   694.98607153
  1014.716682     988.68138533   935.75225808   907.0388326    904.93213688
  1208.77089885   753.37166614   587.34657032   621.01376894   715.54500627
   794.83214811   822.27810791   892.92678292   961.16922253   982.75159913
   994.9731626   1016.68695661   846.65123615   757.44146035   688.67791682
  1168.7345546   1169.81286015  1154.20685235  1142.38927753   931.32869249
  1417.99481654  1115.74811228   738.10852688   469.36194941   579.62072215
   719.54784656   879.06535352   938.99595804   954.49496774   978.92899738
   968.30564083   972.41481172   935.49434693   985.88687281  1128.08597866
  1236.96179665  1349.63352861  1358.90358354  1040.34481582   821.52246001
   660.85723617   698.37930703   788.26805323   936.15192593   918.60182123
   925.27126695   923.72257737   729.61698478   980.37026809  1259.63643174
   919.41359366   699.71649187   666.79022081   787.18830339   855.22581298
   700.47789744   814.91175116   856.03740231   857.49736417   849.27812763
   856.20997862   824.60348364   763.39216561  1238.10266496   925.78603008
   701.98790694   665.64469492   667.94281088   790.3451668    805.11897694
   772.81495715   763.0910383    779.29354968   781.15508689   771.29863293
   773.08293287   740.838581     662.36089449   715.32265917   698.56584982
   695.09971591   684.14787151   667.75976829   801.42561956   806.56657875
   789.76656542   793.46745432   800.2086673    737.92975907   722.10540841
   733.27212276   816.65863751   789.5110675    768.34673565   767.43851032
   742.52843696   784.1712197    824.74125436   763.73711729   765.73175586
   892.75193855   767.09281644   740.07551883   739.54980875   776.43714075
   839.29511518   863.52616814   842.0256641    819.16279398   790.02152599
   754.5823269    731.17058287   716.45006693   781.24884138   789.40460222
   760.25166694   756.02287924   807.53915531   744.29325042   744.15016352
   792.50394927   852.45957104   878.01319136   827.16708642   801.07133654
   762.96119238   735.1574578    769.28703849   753.80949809   742.53692706
   743.96862678   737.44599133   740.68571068   748.13912032   831.31508438
   816.15775869   808.71467887   791.53542283   752.61155414   715.87499446
   757.62039743   757.6740041    749.83807557   735.16092569   750.78407745
   756.3699204    765.50663053   775.39442783   775.69039311   754.39268062
   741.82068308   724.22067777   772.29818813   751.8103265    755.84556769
   764.65014492   734.24111241   734.8488068    737.76802192   738.61657241
   740.82764128   756.39668031   760.00326653   752.23371624   747.18791644
   753.67708834   765.69283837   748.66535073   826.79974901   754.73015264
   747.34823505   745.82868662   716.69533654   718.49986455   737.89236753
   752.47200516   749.08797133   744.77556801   754.42860589   772.08902536
   761.66356224]
[ 1761.6579626   1949.95962288  1731.12401677  1766.854206    1772.92166002
  1783.78738835  1947.30827867  2106.1687737   2090.51769488  1963.75655687
  1883.74401721  1702.7207494   1614.90661111  1880.96218515  2121.92927448
  1587.93057451  1524.155458    1611.75234956  1510.27900897  1418.99870122
  1396.81870277  1380.56820487  1654.49426607  1662.85267833  1489.44083016
  1393.53682586  1366.00282244  1752.37131581  1433.92750273  1411.63845154
  1471.12849415  1547.31806631  1642.76264687  1813.24598988  2005.53190405
  1954.45508934  1837.62471157  1745.24338124  1640.75217521  1581.51553954
  1549.84603112  1565.98894559  1558.97485846  1539.69242486  1585.3799812
  1694.7451775   2077.48358462  2199.99780767  2027.97606961  1898.48570204
  1838.90776561  1747.7232578   1584.28429957  1430.28046258  1299.04821153
  1300.49687224  1387.27232177  2500.10871535  2315.03215301  2209.00636654
  2005.55199882  1888.07612802  1053.62673998   914.77056352  1236.67206286
  1143.18235226  1283.02223004  1625.08075955  2707.133243    2842.41698025
  2623.59431849  2465.3483363   1798.50248894  1197.27390786   934.68179546
   932.73234988  1708.73070251  2780.13491581  2621.17778272  2797.18193464
  2738.0506935   2731.14331453  2609.68758533  1122.58808804   914.9173091
   886.6893221   2392.63268678  3323.37922366  2598.46491161  2796.41799439
  2783.52299652  2846.55679262  2755.46121713  2584.46636093  1059.10902944
   866.33785209   789.51911003  1199.89099341  2368.40823655  3437.80096851
  3261.10161349  2941.67300321  2909.28488041  2540.9476615   2702.62262664
  2725.62869519  2624.86980778  2477.40986548  1609.53922469   773.68713364
   745.0038635    720.77869511  2033.996459    3061.96294779  3583.50431016
  3079.76255939  2766.74446922  2550.10838665  2899.16505138  2390.28736916
  2343.97909612  2332.00092993  2211.25647819  2108.28458398  1907.16005963
   980.22237288   872.87386905   789.5511276    754.48223295   846.64845782
  1536.44594755  2763.65805748  2759.98393567  2590.82880617  2585.55299192
  2695.69182218  2553.656665    1935.61829263  1914.03030647  1874.16764078
  1823.90489246  1045.32265094   835.05872123   807.74813904   782.83367586
   751.86996251  2112.20158091  1978.16021627  2031.28782257  2311.99977396
  1992.37117848  1610.01191189  1522.52698696  1546.80189088  1001.34914176
   885.05260724   904.81656137   882.34671667   871.66756207   871.35984806
   936.63493968  1005.11918205   972.95699935   934.43167847  1027.58362237
  1267.97401408  1340.90874201  1715.87006119  1976.68887285  1522.22543195
  1410.35975635  1374.6760367   1341.92240995   924.67758486   830.44522978
   842.61616935   916.0812163    944.87370678   964.03301945   971.69216415
  1016.70080896  1079.82997516  1068.56964077   951.50810116   819.8197317
   783.64865557   796.99487234   950.49724207  1373.8354594   1922.63738371
  1501.72224965  1371.58984084  1342.83191385  1228.95130729   987.2663061
   954.56988413   888.98423233   774.90312114   874.39059982   950.83711313
   976.30073971   993.74813486  1122.21802904  1202.5650918   1121.89182829
   887.59894739   822.51739346   783.55431496   825.91717259  1111.117665
  1898.30179235  1408.45749321  1120.90172341  1208.0114874   1307.45594349
   829.9877574    781.96605441   847.51451194   856.56243034   909.34301697
  1024.6205342   1166.2662398   1243.79622481  1232.00528701  1166.92700917
  1080.08615005   976.98982192   856.90070293   796.87697817   869.97836604
  1835.89835767  1548.05814014  1508.02048268  1489.4479829   1435.13699238
  1605.15894398  1654.40005831  1333.02440697  1021.30404805   864.20611059
   711.90032557   769.00484903   933.18919245  1227.79718097  1264.90129011
  1250.76308166  1219.98160083   941.87512164   796.42648928   820.44472189
  1704.9365079   1586.60920525  1639.84740453  1626.6226497   1209.03282221
  1765.81388154  1864.27156057  1714.51594595  1258.35424065   941.75734016
   751.96232761   934.65785175  1108.31412539  1192.47714382  1225.14909771
  1197.39214564  1150.95975621  1044.81654357  1526.4568456   1446.58854914
  1662.0965389   1819.23946449  1703.98208505  1666.42829868  1672.65150835
  1558.20883677   813.39582987   786.13189597  1063.30776219  1101.11616732
  1124.75313813  1107.20719674  1229.62259772  1343.53863108  1644.20361186
  1513.70406136  1398.09275181  1376.08697279  1517.65773616  1563.48493982
  1032.25384187   840.54143469   923.60866929   955.51912574   975.67179613
   977.00790696   921.69939988   858.03827897  1678.04379239  1547.76529448
  1324.22601397  1213.43947773  1286.94050954  1366.79854126  1194.30897692
   961.41756379   841.62074505   816.92617216   833.6139943    839.46571992
   856.5918508    828.43558401   892.33752894   843.18849325   838.28209955
   851.35418993   876.57799761   887.4855085   1142.0595805    842.6727342
   796.19328009  1083.76851089  1137.50215956   927.31639072   852.69175427
   832.82816561  1016.01443536  1007.74719368   996.87623355   998.62613594
   977.72174444  1173.87258481   868.63549973   821.78983994   907.54230311
  1135.02681702   906.96671502   869.73129195   855.26992346   862.58817123
   887.67315077   910.91610024   898.71486411   894.69805244   882.40056525
   872.0887639    883.28914246   910.28936052  1212.85863201   851.21800677
   831.29183242   873.31078592   992.77675067   861.52304266   862.0839959
   884.34843249   919.93196561   933.28708547   879.95637504   866.45676015
   861.11856837   859.55836232   846.73564327   825.83061686   825.9954436
   868.32058512   852.99009419   866.76515242   870.29157803   905.76975989
   869.75382393   854.93277857   845.77939065   848.89320022   911.6119713
   852.18999067   843.41870184   840.40854692   861.87849668   880.5092587
   895.2829043    903.56867547   883.01814993   833.12653078   840.85897434
   868.4000915    894.66145931  1040.92074653   873.01519428   840.99333067
   845.09673652   871.7164319    861.23780013   883.38096535   888.80188202
   882.35927111   842.89474719   828.08046049   838.49111163   846.74589963
   851.41022601   842.14699183   872.07298001  1145.70443414   845.14234376
   818.39713968   832.95949768   890.01647952   886.39462747   863.75141664
   847.32050991   832.58633381   845.36349684   847.09441703   832.27227073
   863.94272417]
[ 1265.80543264  1226.5482044   1252.40239004  1191.33748079  1182.12106565
  1172.20523212  1015.33642289  1222.3194677   1244.51654547  1281.14048828
  1261.88630261  1135.71539298   978.6703594    970.47332964  1016.15230215
   997.3045203    962.3152018    908.79670352   946.1009303    888.24405693
   882.51567457   849.06269709   890.62947928  1118.25542649   991.32207801
   901.28654669   865.40707429   951.99850876   950.69348463   879.1854019
   908.06046323   906.86945424  1019.10223097  1117.34787127  1221.30012865
  1210.02859945  1231.75056142  1194.54025558  1135.80454078   992.85993312
   912.76514139   905.19462491   908.14212019   908.49275234  1144.98449092
  1194.64801361  1277.68413159  1185.89954978  1153.36623901  1154.5665013
  1105.94753975  1030.64545511   907.28822755   888.78842707   896.47514358
  1022.83751511  1128.92788559  1192.80401674  1179.34890113  1157.16130659
  1156.52705499  1163.42932884   776.57997389   754.13703982   984.58908186
   724.91764862   716.05895055   769.51994554  1193.75954587  1265.24915553
  1256.72013274  1232.44118707  1170.2826955    870.87917408   692.18696703
   663.42970838   904.1491873   1128.73555309  1192.93480404  1263.44798341
  1273.40209269  1281.30729702  1267.54909354   926.55335687   729.84822856
   644.41803533  1158.74534212  1309.13164577  1216.4389682   1265.77714285
  1266.69002299  1267.67927531  1269.00877991  1212.14266614   874.33941269
   709.25180625   604.75512315   808.91700947  1092.81961815  1304.90814617
  1198.05135973  1125.86957205  1178.15791759  1225.41074986  1266.06977639
  1270.14536211  1227.45513063  1205.15440128  1069.71883577   615.00682623
   569.18955073   571.73209486   996.41943938  1187.43886478  1288.86603764
  1185.58651039  1160.59374374  1183.89264218  1159.50791459  1149.97152247
  1148.48933347  1152.9891727   1110.66679767  1110.90454756  1125.84112785
   747.59445448   679.69787288   600.31396012   566.87814108   662.36069243
   877.01374713  1103.55354894  1089.4498118   1075.04867027  1103.52147372
  1188.69678096  1166.80498003  1083.8121233   1076.03195129  1046.21580129
  1041.6739082    863.40312049   561.50620245   563.8291588    563.56700051
   565.15740663  1069.85403314  1094.57481612  1054.60186054  1063.00682005
  1090.8539793   1080.68556538   951.41324248   938.84785522   726.55091114
   557.0773836    577.57130697   584.8178582    586.53714475   588.69482305
   619.54944517   636.37079665   636.47867143   661.85249976   731.47838339
   880.68794484   923.08627588   925.58394546  1111.09757383  1027.33465692
   940.10025236   879.38858156   849.38857787   695.56063239   591.80699851
   562.80908782   581.09267417   592.07190939   596.4854649    595.97337749
   600.54180881   616.07347523   614.51603137   598.2892435    598.45668647
   624.76471432   651.12049634   738.22859158   850.77700686  1104.31362993
  1014.51774125   922.70108766   808.69478221   793.27025035   737.01273646
   776.17656553   660.30580348   582.15646017   584.98617914   602.16560401
   602.25211222   601.2971916    619.3003163    619.82729641   605.89442543
   594.80447358   589.75738576   598.85525635   641.50034666   762.42391879
  1121.42641325   951.80192998   765.22037623   985.88266839   878.84178106
   624.85221993   579.2645656    584.86929872   585.44009973   594.10728235
   603.36350762   611.19809901   614.71291279   608.50598319   605.87057005
   604.29151073   598.08985007   586.2164019    599.4980108    673.88806977
  1056.07682274  1044.83914317  1015.59463633   986.16252123   986.25552373
  1190.18486081   933.17126483   840.39868396   694.50763595   629.20563629
   580.34162784   574.45159433   587.28526163   611.71679034   610.50303974
   613.30885621   621.16477528   598.29550611   586.41387063   625.86230891
  1110.15590393  1157.77912319  1160.99595409  1159.69893743  1015.20853207
  1274.5109115   1083.13404292   934.56963694   801.23991216   685.32009826
   609.53433451   578.54950094   601.75280705   614.58788677   619.16887097
   617.20659683   617.73196475   616.49159823  1013.10056237  1110.32578091
  1164.68129626  1238.28135189  1214.24455398   996.54693589   952.15156763
   927.03672092   637.28003799   569.90330496   601.78204414   612.0348301
   613.70468924   613.43359889   892.74102357  1001.02386967  1192.1923772
   944.77169875   799.63910126   833.51072761   962.66315156  1001.45154071
   740.92241216   581.68600011   584.66670278   594.35548704   594.88486245
   597.57853525   587.78780616   608.89229971  1205.54394305  1005.08956763
   838.77105003   810.02249176   864.6153122    884.22125086   837.40817178
   763.39602102   676.92130464   611.90966891   591.62247898   580.48481726
   583.70856687   591.98845577   646.87429403   696.90112337   635.54849831
   621.29572303   632.4179704    653.84139978   624.44141554   554.08135077
   556.77977695   835.08719019   849.75006053   704.70394467   601.32855981
   583.70810943   584.66484282   587.78338242   582.13838589   591.8901431
   601.24567585   602.2686066    552.20905472   606.57247735   720.87451902
   899.90767909   716.2765209    631.4154362    592.39918968   573.71786309
   569.59666735   576.18756828   571.90329027   571.82144521   568.51214523
   571.44822042   596.48705354   615.12890034   584.33599464   565.64533719
   600.84163703   691.50808483   787.96312502   616.36196841   598.80994106
   572.40824741   573.68937677   580.71936359   571.84818142   565.26687025
   569.7047653    583.82046269   565.69494739   575.15161222   624.02243556
   661.91928964   612.13006812   589.96845465   581.7666614    572.31900329
   568.93285882   567.59685537   563.56036206   572.64889925   622.08557354
   581.23373291   567.84158167   591.34038907   575.35366292   570.72169511
   576.89876261   579.34575496   576.16946033   564.89851306   579.23778197
   597.37151066   596.01252168   699.83086112   627.90754641   575.14089324
   572.69061873   573.1160757    571.30105844   594.9928387    595.27065853
   590.89188114   591.6781315    581.86971649   592.62335953   604.67755151
   609.68080198   583.36154911   584.27473      731.15650534   621.47756936
   565.86688647   566.86744973   626.87164764   623.48211257   608.15853033
   612.41300445   611.64465523   623.49109109   615.0754865    586.94008891
   586.73749787]
[ 1854.66654533  1857.00128664  1921.64802635  1958.76818835  1863.5234464
  1784.70880688  1520.66700088  2029.68410873  2163.46720175  2140.87851613
  1923.26669746  1671.21682431  1483.43718668  1471.20188087  1555.60571253
  1421.46370443  1366.70130454  1283.59955293  1422.90197537  1337.0840722
  1288.77915094  1260.62536692  1332.53901311  1670.27182186  1410.46879615
  1317.28690441  1247.13959607  1509.29609823  1343.35093908  1279.64881231
  1295.90099542  1385.0052052   1553.68565139  1667.0797777   2291.67192129
  2260.50033486  2040.68952744  1794.62291931  1572.19992417  1465.30253417
  1406.84798168  1365.93104151  1358.4709901   1389.42953536  1604.83214684
  1753.27123242  1956.56750206  2120.9675204   2023.93984598  1869.5466318
  1801.62066286  1668.40188835  1363.21082064  1298.63591796  1290.90330048
  1346.68354021  1459.98785105  1964.84070603  1913.13280631  1931.42400307
  2056.27623617  2008.29909065  1192.57452878  1183.73602913  1353.96444503
  1159.71392615  1143.70486718  1029.89453956  1843.45008638  1833.51211007
  1902.05221097  2026.34229763  1897.8976719   1326.3673826   1137.52151952
  1109.82261365  1581.0851072   2232.74755398  1916.69269803  1873.0238855
  1853.18328396  1861.55135029  1945.53070426  1405.80039726  1136.87509552
  1068.94616459  1973.13957276  2383.49114424  1955.64034156  1917.95516931
  1883.75611119  1848.17732319  1875.04346005  1890.05550272  1425.49101661
  1107.81653234  1001.77699679  1383.75561503  1855.49231101  2269.07713428
  1807.21236471  1807.20391914  2234.93792132  2046.7390851   2036.53674905
  2007.10344955  1946.43778922  1967.58901401  1598.09511382  1042.6895035
   993.33269042   955.46381283  1773.08348895  2210.61161879  1968.7019238
  1804.69303162  1836.39502411  1949.31541857  1890.42442896  1947.49661641
  1923.09275113  1894.73562983  1893.4737696   1942.02459524  1888.65656141
  1339.89139248  1080.02849233  1006.51550515   987.02189884  1050.24571455
  1397.85023363  1714.11692671  1631.0826566   1685.17661058  1746.12805136
  1820.90686363  1900.64528621  1755.21808858  1710.24078279  1711.90200728
  1779.99737118  1424.25402324  1060.92406479  1028.76395291   986.83759185
   934.82819311  1600.22937141  1669.93464966  1758.24734545  2511.01688778
  1756.95851373  1571.39137554  1431.9837315   1456.71939941  1393.8519421
  1097.84085447  1112.98995379  1073.53964768  1042.28987484  1026.53564738
  1063.52412784  1153.06693373  1161.89688112  1124.91856155  1142.62847302
  1248.09480502  1401.36181594  1592.07419214  1786.16857523  1463.97248714
  1333.64263417  1281.84572034  1306.52298728  1296.38940741  1051.30017462
  1064.35238858  1161.53128187  1185.24647571  1206.96613267  1215.50518746
  1211.96897104  1241.19219083  1288.65632336  1139.80419804  1033.91230105
  1019.90888467  1031.7829826   1118.79544984  1254.86360158  1806.2226806
  1469.86237475  1316.62688689  1237.02624313  1216.75407634  1267.56364897
  1280.25504117  1070.36338344   997.74192927  1114.427332    1208.34377429
  1246.12095228  1221.01902037  1335.67538619  1444.88359479  1313.81816284
  1096.58203442  1050.36918148   995.07199395  1004.97865412  1109.49755241
  1785.57129396  1364.05007044  1193.88618054  1531.51214065  1433.16358592
  1032.09620222   998.43452541  1050.43347172  1081.60116881  1082.35867204
  1210.48392236  1384.16229677  1469.16345246  1432.43113966  1374.22887016
  1306.5011377   1201.25252712  1056.31325726   992.64503183  1062.74568443
  1703.0847118   1493.54372151  1451.94751836  1431.19891922  1411.16396011
  1987.75822294  1757.98400784  1416.07216338  1161.55910779  1049.40465575
   949.97887637   991.91114591  1152.40024668  1473.90796196  1494.28141818
  1487.02198132  1478.51527513  1140.34661817   997.38409637   979.82511298
  1777.00366037  1602.33946199  1628.55430489  1710.75787002  1491.77771811
  2049.05065834  2106.62335792  1718.90539798  1318.0663453   1065.6662538
   948.73828977  1142.53333326  1356.51163399  1451.8394782   1482.84337558
  1455.59708113  1409.75584707  1283.25309111  1852.50809495  1586.20694959
  1792.22209925  1988.62293058  1839.49217368  1773.48308987  1675.53432424
  1544.81329381   968.25089607   959.611627    1304.20333017  1348.16228035
  1374.1378259   1376.80978826  1947.04662789  1649.77656021  1705.92684972
  1509.65538971  1323.21505884  1341.59703433  1465.68495668  1494.35194847
  1098.87858878  1047.37620139  1136.2195209   1184.06048597  1210.2049388
  1234.14814023  1166.26570434  1103.10839904  1808.21537915  1590.55573419
  1339.96315212  1263.33254421  1300.81215521  1326.43027508  1229.53733396
  1096.42617819  1048.38556144  1034.90693134  1047.33763138  1048.21082499
  1066.7845876   1057.55417299  1097.3429377   1131.07106803  1111.62739911
  1103.69538499  1110.76107224  1136.1351152    933.01220921   890.99928199
   895.4628439   1153.73871163  1180.38621708  1033.01205105   942.5087253
   930.57280173  1135.35656587  1142.42167522  1137.73784897  1126.2418345
  1124.47323438  1072.00500705   991.5114331    998.65496875  1066.12230077
  1206.62453931  1057.9409958   1019.05705738  1007.19199388  1025.27603693
  1060.1237853   1090.60105755  1074.65076779  1077.69986145  1075.02594147
  1061.76308951  1065.49095017  1107.0202948   1098.26994615  1009.87975153
  1010.4172521   1045.86089097  1117.4464439   1034.39752859  1044.21703601
  1082.59645534  1117.01713499  1119.69699776  1077.56212834  1082.51424745
  1074.71499713  1075.53740294  1011.69701121  1012.34048143  1024.72333621
  1032.70492325  1020.22393107  1037.84937219  1063.5459486   1076.4421953
  1030.61460511  1026.93937664  1040.43710203  1042.29440654  1119.88111427
  1012.18737882  1012.30587685  1017.43586933  1020.01228306  1076.55202535
  1102.4593653   1111.08852029  1051.45555514  1009.88758362  1020.69049831
  1055.75051121  1086.51576879  1011.48816905  1016.95530752   997.79725517
  1004.79328286  1018.30760852  1027.00653463  1081.36747633  1084.22076945
  1069.35396492  1018.32559428   993.97094287   989.37100965   996.31069057
  1014.6631947   1023.08223863  1071.87202846   980.2413769    981.97110263
   975.0445981    998.75662484  1103.44827149  1095.14094261  1058.88541074
  1027.16501526   972.94026461   980.52554285   987.12583901   989.31809439
  1033.801923  ]
[  509.53577471   563.20210059   469.04344406   538.58169579   504.35214845
   512.80691658   567.587839     588.1156114    602.02493557   495.53782981
   482.86585845   526.30434129   574.99427406   626.14804035   694.27442838
   476.69313615   541.59354624   577.74312319   551.92228174   588.1750296
   571.1790759    573.70551603   615.79568876   551.6720382    597.33375824
   602.4867002    543.86346426   679.31393912   606.69743812   548.35797015
   492.71622682   528.53676278   591.58035652   548.64274716   635.77487838
   629.6950783    582.29732392   561.31727222   573.52009053   584.30217894
   534.4229447    501.14885423   494.6327471    558.22250767   582.93428836
   582.21147218   600.51329519   723.18167867   812.89882838   703.94268195
   643.71892683   599.60027435   506.57925038   549.92582181   605.27291226
   555.72727793   536.96320674   728.40318428   794.25340476   790.98667189
   726.99118502   759.38815817   581.17788727   563.98247201   758.44759347
   594.7707672    601.3202454    724.06988325   766.36847569   813.52720022
   795.19633509   757.96882075   651.06214168   553.74367914   590.02709579
   537.57635835   540.8276966    615.55220832   758.84772549   812.84710839
   809.44236739   811.55206736   799.88631073   547.79398613   592.30463045
   580.04291279   656.38315976   744.58567139   784.56743169   814.94364525
   811.20026136   816.26915316   817.54439381   770.60224742   484.38783901
   602.20087988   573.58635134   437.6217084    612.29207686   752.81004012
   703.15454645   700.3443195    777.64416009   795.04642007   807.90364097
   813.81129108   791.25980104   755.76422676   675.26814555   481.34674548
   466.6397265    484.7181113    486.87812741   675.00199247   703.34398056
   707.87420085   738.32726588   835.94346922   782.50838671   762.23459063
   773.83120105   777.66156083   744.68513339   736.65334241   721.57608523
   342.88317656   415.65889567   457.7369054    491.72372862   423.47690369
   460.4233192    593.78525175   627.48891206   708.18185809   744.48679802
   790.83166235   770.99200825   733.23821396   773.11074431   735.15401097
   703.06995728   539.61139066   620.55372072   527.03874292   486.11917059
   471.15968954   751.18688759   762.61363746   715.69362705   675.36882805
   486.20142782   471.9566594    484.10621426   487.30838167   762.2917662
   702.64203847   794.22456484   787.77469815   745.91014894   849.26371527
   971.56021193  1001.63060834   909.49310406   879.06201531   709.19190064
   669.29371655   623.91586819   673.36506199   478.49932887   519.01553424
   522.68147109   480.84377805   449.98004568   427.27937028   714.12366979
   799.66152581   872.52534391   876.95679965   872.02591014   869.76155292
   930.38866352   987.44688043  1007.0502917    967.24808858   836.95433713
   605.23447958   522.89409343   563.73964625   634.54975219   465.67471683
   514.47242825   531.66545329   506.61555491   492.95758043   438.86482618
   505.66881766   730.91445695   733.58578119   853.54836289   905.96655241
   877.11880912   863.43096864  1005.63677759  1118.8194497   1057.88556896
   895.75070871   741.0788328    591.1055156    510.11711214   645.10253746
   570.79336687   544.8838962    610.73871594   503.3921032    518.23507018
   616.16671337   735.80083835   760.02883039   716.71743511   833.61415122
   964.02676204  1066.04994481  1096.43985863  1059.58406279  1034.07303597
   976.30297451   847.39961973   710.78379492   541.7715848    557.29916338
   578.33733878   528.08615826   526.81151069   526.83913271   543.64422647
   477.44271966   404.70427287   534.29518241   642.53043559   645.90469158
   434.44374482   627.77533182   875.96640742  1082.76468963  1072.97773046
  1063.31752693  1065.05864751   831.56835319   613.11294471   519.55371246
   519.97830297   493.34048922   455.73380963   533.57506333   596.94518563
   464.30003045   421.77447221   449.1058152    453.39300576   472.09121333
   450.8334819    847.99631365   980.23603565  1065.4279336   1085.23334724
  1072.03091842  1048.39550873  1003.59063003   478.77167946   452.126267
   528.32140113   546.40037388   477.33996481   527.17734774   432.24024687
   435.80332845   513.9100105    681.34358417   943.46969303   984.91769716
   997.00703868   991.13257126   397.65282418   535.69447164   491.64803019
   620.43472081   600.49129309   560.00966955   428.46722906   430.28263924
   586.73900132   776.84336606   817.01111579   760.55981063   771.07317672
   799.54462389   852.89185147   862.17397848   641.17609024   709.85129086
   614.78389078   562.38075125   488.09685763   519.77747458   591.7314298
   680.16097237   760.37402732   717.82869529   587.39681125   572.89052498
   640.76810153   736.34109974   708.24539436   469.78686204   414.8305778
   390.2532663    374.09527292   384.92100866   462.26580506   415.12103758
   416.96857529   527.82855009   515.91489148   511.71075766   458.70057806
   443.3122055    716.19280776   696.07350507   718.84387316   870.52515295
   783.64754282   429.17623557   393.20275058   472.4871382    673.69614853
   616.1458899    640.46818759   529.63367881   408.07045849   500.09827831
   617.86707648   617.24415196   520.57548584   496.51486224   467.30394147
   477.63988257   414.64342833   394.48188557   383.48402791   368.73462281
   495.82879753   619.24045928   608.25738089   520.28584549   434.64453522
   536.5134533    629.70146639   726.01058253   528.62267593   421.25572334
   414.12184818   328.84637719   378.98898847   397.6299772    531.39926574
   537.54197808   478.17599173   431.87223591   383.53230512   614.89484262
   486.7078428    440.31279783   395.09059972   376.06366889   391.07402919
   510.65120651   498.15322284   459.50780602   432.68819323   354.73694862
   393.2463945    504.02842821   563.10397046   344.37789783   324.57843514
   353.54139366   351.43951734   484.08514388   512.27489443   519.04555801
   497.50815796   415.45218985   399.50346184   435.15586533   507.28459782
   507.42621085   384.51115922   374.44017583   382.7719435    383.13958576
   406.74158675   371.01394024   370.71988189   539.75541212   541.523369
   381.01808173   365.59693904   404.73832563   454.062564     479.98836311
   438.34056685   437.51708981   415.88460955   448.32092296   417.49661133
   396.93446169]
[ 369.14180059  393.24397414  386.09819413  430.25757098  378.92723557
  368.17202452  430.03388376  461.67543832  472.15927203  378.54085475
  369.39742408  383.09370319  414.31692433  442.30046459  423.25249444
  361.99125093  385.30426799  422.9630767   444.67019231  441.40545677
  402.5384746   400.34810366  422.98901575  390.25843809  490.45993558
  449.30481     370.77392011  502.45956017  456.7929825   385.39758426
  338.43069127  475.08062759  536.56432981  465.44064541  395.65072806
  394.76077656  376.46318654  415.34358026  465.22527744  486.42751165
  421.07584015  368.84962158  354.5871651   455.95624248  480.16455143
  444.46590453  480.01535248  482.36299142  529.91846067  498.18918565
  473.66968971  456.84246118  397.44040428  378.04641578  424.39997849
  391.21002748  364.61116047  508.41217643  555.54003711  568.60732159
  485.64943124  452.62517172  425.21623296  412.54540771  586.54943458
  475.28510771  456.88169133  467.69429667  497.60164959  478.42162232
  524.44141506  524.11093965  478.4737377   445.15220584  438.04686417
  378.62069271  451.18189322  431.19508112  502.4958515   475.82413505
  505.80093716  555.37564142  573.06265757  459.69957319  443.04608082
  401.41443919  443.14419334  427.00173099  566.37512945  527.17170228
  520.73124469  547.44715759  547.86786471  553.72800234  438.05380574
  473.49707465  377.98152928  360.07165048  423.85685206  412.59355608
  425.58909577  463.85988757  497.02115443  579.14867556  587.00125073
  578.64550157  569.61961918  589.20264164  547.86283656  396.11368721
  352.99559936  360.59070189  389.51376249  416.31692051  397.34692187
  443.68494233  490.57648154  524.20855209  426.93154443  573.08228761
  570.9243162   562.59478576  568.54280469  631.82729931  568.20574501
  287.05873529  379.14467363  392.96739499  364.88097991  406.9898797
  400.8574419   381.1466982   403.05108957  459.24490649  472.72507975
  468.85437046  452.77465825  578.28115845  628.3735168   585.54646861
  568.27552259  438.69501384  357.22426808  359.3811867   372.38745713
  378.09221141  520.98538336  595.85282054  485.55652826  436.16610591
  425.16593384  383.69717943  418.39503053  439.89812599  531.21754199
  351.31567537  379.50054471  389.21121586  402.14290681  417.27754512
  435.26152775  392.91083542  355.34538783  452.9574402   530.31806041
  531.26037698  451.92226457  498.07119281  413.09828393  425.82241987
  374.71321663  342.1722191   352.01019449  311.65459628  487.37779013
  403.09239808  338.60347078  336.71564576  328.17638675  385.09027449
  451.36524083  401.28019854  345.86905174  381.08251412  476.43196855
  439.9010856   409.57776145  455.35095555  472.27160777  418.98878875
  403.40541401  357.45771904  409.82246932  419.26075131  323.43237285
  351.1826134   498.73773412  444.22923833  382.98292955  336.50154119
  359.26236477  431.43895036  382.74171988  364.82472155  368.69369237
  428.18676263  401.9722229   421.68082259  458.75071333  478.73504718
  440.98916706  406.79938571  431.61239053  418.54254707  473.57988161
  431.54710486  408.90163317  353.94061349  337.98574392  434.48374821
  361.61390791  319.38707453  350.2325356   385.07153884  389.55853464
  394.67763831  403.58293094  454.16718137  418.26037743  419.36976392
  427.44116868  379.88127048  424.32055179  411.85801777  414.2081877
  378.13599973  392.79556767  459.74995194  464.60653599  417.38881388
  349.42157859  381.56217202  397.98617215  333.90173589  387.04959311
  354.7612509   394.81042338  518.29531906  397.11087239  414.01305155
  396.55491963  349.95928393  358.06201512  421.79658671  471.51174744
  377.73823418  372.86617515  422.62572131  397.01854235  397.45550955
  394.48108765  469.42562415  357.00643401  342.55477038  400.29025996
  346.91540175  426.02524237  500.76320586  390.39436864  336.96199646
  408.11395116  415.50314438  392.91579703  407.58239388  390.53833111
  385.12421512  416.91307179  435.46307299  327.19090318  373.42854564
  369.08395768  356.44246028  349.11299328  437.53102114  395.90528069
  444.43190078  447.28194769  404.81380752  345.77048616  345.02920556
  451.16119186  435.88370285  374.64963475  421.79790002  399.74647482
  374.45946056  394.72142013  418.07192217  451.84402882  514.21718315
  426.98875954  381.08660196  359.20180634  411.13033979  448.04802708
  463.37259698  524.11301787  455.84665063  479.54280167  460.93548584
  418.2644892   422.99753016  396.36594162  371.02826195  357.96053457
  325.84178634  273.23444695  271.65029504  444.09541263  303.38490507
  378.41931102  393.88198573  392.12162045  400.45601403  392.29837767
  395.47091763  444.65040372  545.54935013  586.06539731  582.59579204
  538.7492487   404.76791722  312.89160681  440.71476889  397.19934194
  391.76293425  461.91946821  405.34096964  402.39852306  374.18705332
  312.83208425  295.55597851  307.73950467  330.9100769   338.05648753
  327.59768961  324.89868926  343.42948521  342.9684256   381.85749862
  403.71305739  406.18485662  408.25999599  384.46478646  397.26030503
  327.3663329   301.49419626  337.72208078  360.38587069  302.05112372
  307.83483446  317.35653165  366.20142461  355.08693855  411.66886444
  397.6368724   352.99672396  334.37574099  334.13667974  370.82717375
  370.1238546   333.64463584  322.92981384  377.47113108  336.06303715
  416.51082372  409.9137333   391.05202626  304.49943108  326.58241835
  320.56921129  336.2423389   410.44311868  341.56996415  368.37508494
  361.53415046  349.4816416   395.52985907  334.01089207  394.78366264
  400.58663338  297.87996899  314.93357747  361.95690288  394.86041587
  390.99803132  387.0211459   405.98448518  396.62751235  362.57732589
  370.88325816  360.87698375  369.71435273  414.33740175  407.95352147
  363.55823537  350.88305236  347.73987138  339.3821725   355.56792475
  381.11986755  404.3599905   353.82969383  372.09693568  411.89321511
  413.83746792]
[  477.74635021   449.55745774   462.40062766   530.25447867   479.31398531
   524.57154776   491.18046133   633.32520128   722.14087227   592.00721487
   592.99413313   572.4668902    542.55031315   528.64756045   489.17781759
   406.03934379   423.66933138   415.6980972    528.66415413   519.03570475
   453.12094086   401.49997838   550.48962992   376.59865906   515.8318165
   466.24173929   333.29760903   591.01364041   545.3555684    398.88584315
   318.56685235   518.98313013   615.37367558   515.3988963    440.32543372
   408.97569548   425.01999136   486.11272489   573.48504333   573.61529443
   510.61494206   414.18925377   380.57931912   458.03831063   456.20741738
   441.28061837   547.42284096   581.3230182    622.93207864   635.64540266
   603.63729378   505.54034482   424.33444266   461.56742685   406.35990712
   374.41246173   319.65796775   696.05852622   715.71216349   744.05010801
   538.41775079   470.41721818   478.02175553   396.73064407   530.54261699
   486.97249543   447.928205     437.58827757   676.18449571   496.60817796
   573.22865874   533.92256356   437.33483308   436.04021746   485.57251814
   383.36438607   433.79741431   526.95873422   832.54190363   525.74791027
   525.99232835   646.73450455   604.99916733   408.42535684   584.12775538
   358.3875267    477.22393835   417.7815395    853.9540916    584.49595924
   470.91712804   606.60528271   620.93070354   580.90043315   461.45197388
   596.27388091   372.23267932   355.43381037   496.95439978   403.64242148
   545.48573062   672.32930836   578.14022779   773.8325867    731.57175737
   626.0617729    558.47388265   625.20451202   464.40849875   375.68895664
   329.95044405   322.65774465   426.76895643   440.88397268   417.80625835
   516.6079563    628.38587093   499.02812203   544.63518031   674.59475766
   558.50174128   542.28849287   622.85267126   683.206765     562.12035181
   305.06315003   523.18471301   548.13308877   373.36926305   352.25759539
   442.99226411   430.3712928    399.60396322   555.61803668   541.02825363
   497.07021318   512.20131671   576.95715623   688.63598098   604.58011381
   698.08471882   392.40035875   414.64252795   387.78542231   390.55410065
   362.01174989   561.66604991   543.56339982   535.46541069   434.82767866
   540.3990001    377.85044192   456.14231254   446.66403202  1001.4046588
   414.29828962   449.24140999   469.18255167   474.75649983   442.78187907
   381.25729899   374.15394115   417.38201457   528.84967369   546.97199549
   519.80147497   479.13703963   476.39790372   562.93563151   461.98620898
   458.26867927   347.3105392    427.45707872   381.41226605   580.48665727
   457.41768503   418.55295216   421.21183167   395.80983952   392.15900946
   426.15190624   357.09422123   383.48809799   438.82534374   440.05739248
   389.94469064   403.54094374   485.43043359   449.66194158   581.45586605
   397.47971339   401.19902402   306.27761725   359.48962818   322.93203974
   457.68106376   638.02338539   484.7321371    461.62342835   477.78471223
   411.33327198   408.21440325   324.34029951   336.44236672   404.02499587
   400.94098354   455.77395554   504.26222688   586.00154892   481.82086391
   581.25566246   465.09990233   365.47128733   507.55861799   546.15655841
   473.65947112   482.70604349   533.42826746   411.646878     451.09945943
   412.01109073   329.4089277    360.53204945   416.93573608   429.89115456
   411.58486527   449.17437208   609.79439783   709.8386652    514.34838126
   578.12933038   435.93761387   422.45053543   383.82095131   430.73780951
   422.86994152   385.95039267   480.82297652   503.34226432   441.96986187
   390.15655454   428.78212539   500.51557489   385.16717635   397.12369271
   371.14728241   400.29852358   570.38965789   595.67443755   498.60918596
   513.42748154   423.12744842   341.44575732   501.60833854   582.40502072
   479.56125902   375.92554194   359.20132595   339.88042883   336.54481144
   388.26143865   489.17585171   417.61996144   407.28648441   404.75516584
   371.85622729   422.26740329   452.05132899   449.89350123   368.73910689
   473.91600602   526.16162941   541.68285081   487.03961086   315.77862703
   325.78774184   391.30469163   486.25986436   424.542923     544.49010457
   421.9346865    379.27362995   387.22809517   537.44202565   537.5105603
   507.34653411   504.96400184   459.30194641   347.37403922   333.97056139
   404.10929214   503.43110722   483.68311308   582.4732065    508.044576
   445.77949737   474.41667542   524.39549923   655.49359724   706.72004145
   518.35721764   458.33014234   381.50174705   435.78105383   506.42523583
   474.01802632   704.19606832   734.54622152   755.29991549   666.75542685
   596.95257401   598.29963113   491.68192479   574.71246875   539.5256013
   468.88197561   443.5430767    434.7145479    452.81374275   427.54778957
   420.78526973   416.34048585   435.3679477    391.99599554   420.44994529
   447.24592438   510.21666253   613.46698159   621.17329885   503.75534727
   535.63102625   459.78113549   397.71223003   489.29113167   441.19001045
   371.34678278   436.84156994   376.18678618   395.32684805   516.47743383
   437.48852444   423.53394253   407.57056775   470.12086359   488.55249829
   549.80849894   461.98362986   439.79918792   354.85644008   422.14898118
   437.61900012   382.38798824   407.84051625   420.09417972   392.35429766
   554.90104954   440.09857279   469.6997081    400.69195659   362.02390269
   390.20386836   359.29994996   440.12890798   415.96022955   425.45334107
   397.95103334   460.25074756   506.09911801   465.28794568   353.23353281
   375.09929861   425.00954907   449.12958216   505.35950505   344.82425637
   500.43883611   442.94611374   458.5888787    457.01740248   474.10095921
   390.69155968   417.07674798   479.21388562   482.24232144   501.22593993
   456.92874747   444.24239322   342.37325199   375.29044494   495.42198207
   465.74373456   420.34580352   509.10047545   477.47536673   557.06591996
   514.69371801   435.17792292   459.10991533   413.37395842   418.83521494
   393.83806524   484.80113218   466.90370307   418.19823983   364.53749691
   434.16487413   484.52265709   509.48222736   502.51051909   513.78862694
   409.48292882   431.91698576   427.74402174   436.44068262   546.327904
   512.2824128 ]
[ 1196.753698    1184.61147043  1210.73551287  1196.97981347  1169.98400665
  1119.40535552   987.78725272  1173.81357398  1198.83039815  1181.06738333
  1126.66626125  1020.99302832   929.35819871   941.5714385   1051.2641525
   977.78184037   930.48523017   858.7847617    935.79780843   880.39172097
   863.84748646   829.30910749   832.69968048  1076.69916621   938.01348636
   871.08797388   838.15117459   927.6666244    887.89528223   835.59020583
   870.08245485   892.30279135   948.23009742  1047.38472897  1257.08617526
  1254.10249781  1235.87308064  1179.14483937  1076.55677249   948.40336171
   898.18895722   893.82802565   896.01494786   881.27912242  1034.31550461
  1059.96884784  1170.85427726  1264.4942532   1205.26782661  1135.07327942
  1075.40807983  1022.40748752   891.99611537   861.02053348   845.55546478
   927.78524434   992.0630028   1302.24327919  1275.75633035  1238.70239121
  1182.01093813  1162.05069177   761.96316521   765.34603063   959.38400099
   692.27468362   814.73028491   964.26473914  1336.03789222  1432.66292956
  1375.53229253  1310.6815021   1103.8235605    827.80788674   670.80588282
   647.42565511   977.97477376  1235.12240262  1309.53047714  1413.77615949
  1423.29148731  1437.17378059  1385.53482857   871.01265492   704.51596549
   680.03965747  1125.49341083  1273.05123184  1310.04506754  1403.61726366
  1414.91310532  1440.53040903  1421.72235415  1330.43100374   898.60029888
   691.47691819   676.39718231   936.63539939  1082.75544257  1262.23061325
  1283.8009973   1259.02307493  1379.41675442  1280.51867422  1374.25509954
  1383.14995473  1359.96633708  1324.2076424   1061.70587964   645.69091663
   706.57788942   722.1035137   1064.58308343  1158.09971104  1270.27811934
  1251.0252312   1293.04400327  1332.642539    1319.56752516  1161.22295954
  1216.4731227   1221.85970712  1190.80951437  1184.77644778  1134.02152252
   782.03753716   707.76294284   683.12898282   684.79306039   892.18868925
   996.32480698  1027.39227079  1028.71118714  1086.06770116  1198.64586352
  1320.94329367  1310.33248416  1042.76250024  1043.70468459  1043.46891024
  1059.1860113    866.5841073    848.03300062   840.32385342   867.7265598
   861.34679427  1102.11104962  1150.08343272  1100.71876189  1521.60197172
   985.59293081  1022.19966535   947.3092061    949.7209122    813.98711089
   974.57420755  1036.07700623   993.87161968   982.79381235   969.41622355
   971.49344065  1097.07673255  1059.37155642   842.19929757   770.56860831
   869.31802525   926.92074115  1307.3631771    967.46423356   947.50116051
   891.8630626    861.42704447   845.16814022   716.09402784   734.53328257
   949.74998418  1153.85096907  1219.74568133  1271.53984926  1306.30209688
  1323.20292014  1331.24038415  1332.2670901   1041.06546531   777.63938704
   694.99519589   691.61061981   683.41858458   986.44063227  1017.86605158
   977.73137929   893.13645516   788.70224837   768.42900634   750.1342248
   745.71822225   736.64355942   801.14458215  1107.8586075   1282.45203091
  1355.96484654  1328.55529156  1438.16969685  1505.12237828  1298.95275145
   859.19357383   745.45706233   638.46868671   636.48975818   730.75890162
  1014.75615295   900.70810183   764.0189211    916.96562618   913.33437839
   816.48910434   868.14572858  1028.41347104  1064.23892423  1011.58021805
  1185.6871728   1372.37302579  1451.05554864  1413.02822142  1358.52957301
  1253.95887209  1073.74533969   771.1561884    636.66448891   670.68334148
   976.10343617   962.43109186   940.22713171   943.37438065   950.04109492
  1116.67248346  1000.24369244   964.26033427   907.36205879   943.66676916
   860.18592213   867.48963838  1061.68978091  1390.65722493  1432.30670115
  1470.08620589  1494.99160826   968.18314769   690.71025646   638.12786046
  1026.30423725  1042.60016204  1065.50990488  1119.24004061   993.01538814
  1173.88842236  1091.64326531  1034.56385351  1072.81606315   903.36923601
   788.0038917   1036.34154884  1289.99519327  1365.2467912   1420.44741259
  1412.38463872  1387.86859753  1225.00646766  1023.40179225  1105.34280947
  1161.70258887  1229.66830465  1133.48492653  1004.35740192  1093.3523299
  1063.19244278   710.39015084   769.23646896  1255.61293281  1264.31341458
  1299.4462597   1303.78244155  1027.1952327   1048.79620362  1102.93340505
   941.45387287   828.23554826   851.58242373  1002.66913295  1029.30129718
   729.55053562   834.06877172   976.36978477  1017.98961485  1033.61532807
  1053.01144286   926.08828818   753.50412528  1124.62877909   982.21006003
   847.30220235   795.68024801   836.69740731   865.14127933   819.20513114
   757.43329668   725.16367741   751.07526921   749.18470665   736.64214927
   753.36403378   674.61804879   650.52406946   665.96164794   654.34275741
   657.45762546   680.28752363   659.1352157    654.29323491   617.32393612
   595.69316551   797.4100068    824.40840576   690.46416742   579.73133726
   577.2919773    958.67934324   900.13904064   824.0794651    725.58886912
   649.07304141   719.98291626   707.01354959   614.9036114    672.22721667
   839.54012522   697.31195225   650.84659448   625.58389482   694.71991972
   865.1411922    974.27730338   937.72460505   868.95666579   777.46556075
   682.33196095   613.6103344    600.47236547   742.0231862    663.62750205
   612.32964607   640.92743376   757.84312116   647.57363194   632.99909836
   783.3441491    956.54436525  1008.57489879   868.01001627   804.5054681
   704.3646022    638.14592703   623.71258165   594.66699461   601.28387711
   661.21473684   648.40998491   655.84140391   661.31644384   881.02848738
   809.40524389   772.98808149   740.35145967   660.0036053    622.69981318
   614.96789254   612.31824044   614.00802271   631.35595117   677.01335903
   714.04579054   747.52253142   713.00334402   669.44226969   637.03776602
   641.27443692   613.47278034   570.14368248   624.85570055   612.85447265
   628.32550465   631.72399952   636.25850232   643.38293835   641.25751611
   638.72689704   622.28149102   628.88780489   627.66708955   623.12516235
   621.46281414   625.97223316   595.9122093    655.50420602   608.60631925
   592.17737972   614.97690772   610.04764366   612.24199136   613.10089998
   619.78812923   606.10563683   614.11906519   612.85424453   615.53460491
   601.00053314]
[ 1200.36120489  1166.70519349  1222.7824201   1203.94022343  1152.77775112
  1080.44150747   944.95782244  1202.53729894  1267.24875004  1261.41383187
  1166.44476634  1020.29238723   965.18007082  1021.44907378  1013.86018716
  1031.71204336  1003.64120283  1006.86707261   944.47836115   932.91340988
   979.99100297   976.71774737   973.88482222  1051.19531192   942.17642957
   927.48935824   988.10592581   964.63857321   921.60281896   969.00555636
  1024.68964225   977.42083597   978.69624332  1043.10985834  1401.17161605
  1366.12694265  1251.85722735  1119.30997873  1032.2329912    965.81432022
   972.73438694  1026.19051046  1037.55854518   966.0598531   1035.94891308
  1011.59514918  1035.47050594  1408.35265259  1246.36248354  1179.55665141
  1114.37922439  1042.47764167  1008.65394949   992.66864975   928.45779674
   974.6935219   1016.37321914  1478.77464474  1386.22466078  1337.49789885
  1277.07681948  1222.87451901   843.58080615   793.98102469   878.48021869
   829.33602457   835.40704337   921.13398828  1544.30703614  1708.69703364
  1647.73460663  1568.42489876  1137.36892288   783.55357922   801.51017997
   835.48808534   927.52501703  1119.67354903  1503.80384855  1681.54221035
  1716.31575335  1733.72853436  1635.36933409   721.60566785   798.06695842
   825.24091817  1136.40174429  1348.06881048  1539.21679929  1690.05089272
  1718.31160052  1748.58304276  1690.59104822  1558.28331279   684.97839789
   790.96350886   821.19871372   869.2580161   1097.15034204  1368.132102
  1331.78892134  1285.61582399  1281.42206567  1513.46054249  1647.26315727
  1664.24488316  1588.05419015  1539.10294172   996.62007117   810.36463171
   833.43929919   830.8520141   1017.99789196  1264.25799134  1484.38922692
  1352.56588453  1312.20443937  1392.3117439   1281.2390178   1304.02429839
  1367.84270123  1386.22598897  1308.57517633  1285.96299305  1183.84881837
   692.39755494   770.81586037   801.40921437   836.84349565   829.6756406
   918.88233561  1185.80184012  1199.70138813  1149.04366436  1203.96247318
  1361.85957858  1296.70668506  1116.60524074  1117.29435216  1090.71295575
  1095.04873618   731.20352848   845.08055986   842.9810627    833.96240285
   833.80917683  1068.66455609  1159.88684197  1069.58211336  1040.20550658
  1057.4270756   1042.2584109    968.24055204   981.51334074   741.47268396
   861.35033285   866.74644519   858.60237539   866.24092975   879.12711389
   893.86261555   895.69141628   861.97679146   807.25321754   802.19037219
   868.94018214   899.11571548   913.79609718  1085.09494403   999.35109815
   993.27443419   986.39288578   958.70450052   712.51833801   845.24498319
   871.28344585   895.51754907   898.94323796   901.05255697   907.35538157
   923.40663058   925.39392322   905.46635514   864.31762067   839.79359828
   848.59396485   847.3603949    825.9293034    874.78088364  1078.06391632
   987.74875633   985.12019935   964.41754467   929.13761013   729.08937809
   702.24810132   851.26382309   861.90949888   900.94773933   924.70965138
   924.16441534   928.1255407    932.42253362   941.59278224   911.25305678
   873.48766225   847.92843059   836.03571866   810.80089622   825.84239098
  1084.21357555   992.65275356   871.10096046   775.89049762   890.94849678
   868.76221823   873.53025711   895.30865967   886.94675706   885.69966845
   892.96571761   901.12770127   928.2301296    930.19330347   927.29181754
   911.09454654   875.36379463   851.47428043   813.57534073   791.62053778
  1034.86421941  1008.88760432  1000.35244627   985.15859187   962.95959675
  1098.38516076  1016.5289313    963.6005172    879.81360104   854.3228552
   868.07067373   868.40932896   872.88557186   917.17516951   938.06853737
   942.39883866   934.58837266   864.35531554   835.10166518   814.38422417
   985.72217486  1068.88540292  1108.36910251  1088.55112753   792.08457656
  1195.86216868  1162.68974678  1102.38498407   939.70313232   862.06164149
   848.26235068   863.08035755   872.77285116   900.24256466   929.96865909
   927.84702064   910.03969589   889.41428547   777.93555236   973.67403885
  1131.33256222  1261.72071479  1106.16036194  1000.29823097  1145.01157985
  1056.86589078   841.45193017   845.63685672   872.17524357   878.63952397
   893.70164953   890.87733246   666.35774427   818.25629384  1077.80312428
   918.26260857   893.95668456   896.40354236  1007.84252123  1049.39375828
   877.20316117   848.81799945   853.44026468   857.19647948   863.58247424
   861.2594199    851.06671071   823.13942474  1084.27630854   927.13519219
   840.53277417   835.07846032   879.30141802   911.5431805    867.45855114
   832.31656586   837.40098471   842.35791496   839.15506224   836.04751399
   825.30884319   812.52666813   784.66601791   743.92138787   747.14784867
   764.74987867   759.70680492   751.51754894   937.24111616   901.530009
   898.38452911   843.46866071   845.93145176   826.84291573   857.64240803
   858.11289884   891.53067681   879.67098319   870.55735272   887.58812687
   863.29786587   914.45183206   894.42081767   859.64743688   813.0338053
   836.72849925   805.58957423   846.08059976   866.5394457    869.8618031
   893.89948285   905.34665892   895.35495761   874.88843158   861.70384134
   857.5022628    866.92916602   850.36785077   907.87065475   882.54824721
   862.39952759   818.81059104   808.44885425   858.71326499   879.79208221
   866.40157276   882.77753556   905.10695582   884.83348857   871.6062906
   861.96925447   864.68502257   882.02754167   862.78768973   835.18835503
   816.05104287   829.17421102   844.27481934   865.65172979   879.57909902
   879.24767283   872.80746162   864.39813771   856.07187791   853.04153756
   877.60637523   868.71894363   850.36624678   833.4858267    859.75461424
   863.31167852   858.51045446   860.91381856   864.20694258   860.72988077
   860.72884023   843.44936818   876.21880109   864.33870375   870.6139608
   877.13473391   844.46525311   848.69405556   862.02708782   855.90508026
   856.77758219   881.7381639    870.27455544   866.51472      867.83391544
   881.5695962    873.789963     853.31718539   902.83550745   873.44314453
   866.75353509   862.22903528   821.73408816   825.10979385   852.45343701
   886.69067285   880.55545618   880.99392946   886.86938702   884.74279959
   862.2572435 ]
[  802.39813351   810.30381648   820.69990853   828.87276386   818.78381936
   792.43537022   883.1310335    807.4855203    829.24297202   794.98498834
   793.96320525   779.12114144   808.1596757    920.81177948  1013.41508654
   918.90822286   925.30407653   881.65425882   771.18388653   825.71420429
   908.8088165    897.20820484   883.23251898   731.06851188   764.40494652
   808.71115358   877.44902377   821.79606686   798.17604226   857.58403912
   888.66527167   844.05943574   755.82602509   772.87012387   994.89098529
  1012.82356414   935.93549116   840.68868264   789.55765442   745.38488826
   780.73854953   886.85922898   926.91421349   808.4184834    781.62154299
   791.69918263   766.00504853  1110.64210194  1007.67123625   924.83416733
   848.94408328   775.72104772   862.61711008   902.94036022   862.34642274
   853.47842595   859.59913907  1179.60955186  1146.89447103  1121.17960243
  1003.84665815   871.95381267   839.49710345   864.39014949   799.03908882
   787.37807621   812.17826068   869.50959476  1179.00537161  1292.5024521
  1309.34076568  1272.89929018   824.71878808   733.99308194   796.33559504
   757.47285951   793.09264836   757.32364998  1172.65377019  1304.42691298
  1306.94989491  1329.90534838  1302.92760389   805.64389323   820.14182035
   755.72419899   767.66742659   750.51387432  1250.3424256   1346.57238124
  1326.34243178  1329.56286075  1312.65691377  1229.50505783   918.49066715
   810.04692721   787.22285374   841.7064897    755.10367484   768.01840066
   855.61282196   914.13664522   970.00626747  1242.81385711  1376.47203037
  1354.87981216  1288.27228928  1253.53509752   948.8156557    834.85294064
   857.63951827   858.56782554   833.51058488   788.21064725   813.10015193
   837.9141938   1011.72527315  1115.99684609   993.30826572  1063.30519035
  1155.67462771  1152.76850416  1056.30108359  1000.37250274   864.48563966
   728.98265013   775.19049238   794.46984388   838.88258283   820.47608636
   828.71318996   773.88254393   762.14545613   743.1229008    905.90483419
  1057.14574327  1045.53163997   909.29409209   935.393549     910.06735073
   887.28178544   711.80625078   870.67969333   862.60364324   861.44892363
   842.91225945   952.30979527  1154.86924933  1033.36528489   953.60412219
   751.27992035   767.39494619   777.90682255   777.38300935   820.58957686
   894.79386904   900.85897248   895.48148161   886.06083638   909.62112933
   926.83781822   932.72657173   910.85950194   853.66835526   836.20396566
   853.37936661  1025.94009783  1066.03046576   753.49757307   795.74826469
   907.7400293    912.4089516    872.51249413   775.93538527   851.60532188
   903.38365456   935.15805643   941.69561522   951.24132664   955.34295169
   981.53515393   977.76010021   963.43786632   909.96144837   868.47895224
   847.81827493   852.56250379   847.89852381   977.09791429   718.0496629
   760.6656447    909.30482049   835.95292139   808.79786093   776.68941562
   748.6153886    810.16324057   873.92767511   935.60683272   967.53750389
   969.49525386   970.51990133   984.99181244   998.84701034   948.20297885
   882.77328625   855.25143801   824.94851757   798.35564116   867.68798599
   735.49806159   881.73299536   799.48542387   752.48153182   744.03165057
   819.98929019   881.99947192   918.24607948   904.00791474   892.00564249
   922.95154794   948.1868448    973.12227475   961.93349833   957.8731087
   946.10578892   907.56423411   859.96266979   816.07432163   844.28023846
   783.09126676   783.38126348   800.38434348   771.21426763   764.86521083
   752.56256806   736.32413965   747.31721089   745.69560823   801.8580888
   853.71321863   869.88087068   902.12418886   953.75972089   971.49959269
   982.67606651   991.21193875   886.92572016   842.2478487    801.47635324
   826.45507026   784.75778278   774.78736651   821.36195273   807.62116131
   829.18097946   721.52646705   838.91500437   760.33130205   758.67165122
   823.71882005   898.44150246   925.42399396   942.83341496   971.15162507
   969.16024096   965.09653478   936.57983518   823.06893085   795.65380306
   858.86339679   958.03397191   805.61834917   757.64743907   875.87883085
   832.93018194   821.75027957   864.92004999   922.64315349   916.83350726
   929.63820875   932.15256992   737.8154301    869.99377955   760.1834585
   720.73613171   759.78083194   771.11513325   830.72568314   891.04960247
   833.89811349   876.38844104   890.84165267   890.31056165   889.88089981
   891.95941394   886.66708822   848.03750982   741.34627757   740.54003278
   731.57526326   809.24223852   799.77178758   845.83177869   853.93122231
   847.32276097   863.55619691   865.57260222   855.53918588   849.32703812
   847.96705451   835.74904838   760.82136589   827.55787157   802.57833821
   793.13887568   789.30332886   779.21094619   865.69488567   898.85416835
   882.77822434   852.98129408   853.8687003    841.67497369   811.08168019
   824.89935934   871.93863079   855.47754326   849.33168352   853.39436849
   825.83196103   830.1419706    904.70497029   855.21605508   854.85231715
   869.73522934   850.28377346   820.52103478   826.40048626   855.60928643
   898.0502271    909.29082109   895.18261595   882.67606666   872.59328131
   854.4216519    825.58438726   804.77334889   826.45313286   872.65031015
   848.60079993   851.36646752   860.47158722   825.9847769    827.92116282
   862.98215686   897.94620757   918.8022784    899.70722342   887.75963393
   860.37821116   833.51972879   862.48780002   851.62134355   848.54110019
   833.11925212   821.16254109   821.71103087   835.23986767   890.52628604
   889.82626064   890.57493857   880.45480831   848.06140356   797.11654524
   854.51854002   858.08339351   844.41256129   817.91640925   839.31743517
   844.68912539   850.12983456   858.38418591   866.3200201    845.53750569
   829.71502482   811.88842079   906.89337016   853.71077454   860.44532893
   866.4801373    820.89252498   824.65946406   834.5875343    832.31483166
   832.57273315   847.9903205    852.26015977   844.38361755   836.68530714
   839.02573709   857.92131074   845.96922445   982.33035666   848.58729102
   851.91415862   843.71749876   814.73487334   815.34074345   829.58061875
   840.77138781   842.64080158   834.98572478   841.51730071   866.25953466
   859.66031911]
Test12num = 416
Test12accuracy = 0.00240384615385
