[13.69871108 16.1040639  14.74308887 16.87240997 17.50472405 15.52032037
 16.57363853 17.82903062 17.38426858 17.44372641 16.91835024 16.83109912
 15.54192322 18.16994432 18.10321673 17.1781799  15.54322308 17.68405291
 18.43950397 18.05033555 17.96149084 17.79241665 18.12634613 17.15399711
 17.16828045 17.80710763 18.12800421 17.97145128 17.84443138 17.46603611
 19.24517147 19.27661316 17.7283269  17.3701899  16.62295665 15.16763047
 18.06378364 18.8803553  18.68038277 18.41234155 17.61895562 16.42247858
 13.0575821  11.30235719 19.64805427 19.85704447 19.25125877 18.88372621
 17.41624558 14.01509882 10.99283157 18.82833336 19.33834378 19.21401925
 18.56958582 12.60995904 11.76825038 11.77755982 18.67525867 19.05747152
 18.62231878 18.23880493 17.93497907 16.70523931 15.52133356 13.94629265
 15.34293133 15.53707678 18.19461725 17.56564175 17.25023146 16.64481999
 15.9525001  15.67104129 16.95546569 18.29923678 18.12798167 17.23155208
 15.68171412 15.16406885 19.26668864 19.04585376 17.73910661 15.43328028
 15.38701946 15.04735937 16.111045   17.37952567 17.78157676 17.23986605
 15.292498   15.35963971 16.01321904 17.67368926 19.60296891 17.57728217
 16.51695872 15.68220934 15.85807425 16.91996442 18.32538996 18.34293396
 16.52882338 16.69297858 15.56757024 15.2505108  18.26753012 16.93136023
 15.27507362 15.9951393  17.52610436 16.39999499 14.89625249 16.09637225
 17.94117836 16.60644491 15.55118553 14.98815611 15.29921734 15.42307736
 14.39633804 15.98251627 15.55912726 16.04600391 15.02234022 13.30176005
 14.14189582 15.86707083 18.04328335 18.4229161  18.09839482 14.08387889
 13.36330777 12.54142666 13.38919569 15.00922946 17.28463561 17.62233936
 16.53883751 14.50994563 13.45707872 12.06091152 11.77765412 13.57103379
 16.89981521 18.66879259 16.28987699 14.12283101 12.72147411 11.74317454
 16.31581367 18.8267105  16.81237635 11.43724504 12.01245274 13.26748062
 16.76701021 18.38966127 18.75518098 16.51954571 12.68468484 11.11600928
 12.49348662 15.04492975 16.8682751  18.97857211 16.74030071 11.16267081
 13.1609748  17.5055987  18.50015743 19.16568707 13.05608752 12.89315276
 17.50915033 18.49957993 18.81539896 19.52846482 17.56251524 13.90303763
 14.56452264 16.34156985 19.0157217  19.18544233 19.46118678 13.48364402
 15.82690247 15.45452078 15.69620598 16.06003237 17.87220476 19.11113031
 19.30882513 17.11036781 15.42335268 15.52510954 15.21439342 14.29906976
 14.05186043 14.11451243 15.23455318 17.15420483 12.91394883 12.0451176
 11.67333154 12.25265211 14.12897704 16.72826493 12.17833146 11.1965604
 11.3977226  11.40782986 11.33058783 11.33507721 11.55553041 12.50624694
 14.74839097 16.28527624 15.86135718 15.4094688  15.96020016 18.06950678
 18.74184692 19.32801743 19.51948533 18.18250316 16.37902562 11.90016504
 10.66365565 10.992069   11.13268124 11.10774506 11.09594657 12.16614841
 14.40353648 15.97173053 13.22197421 13.73873384 15.00018631 16.82448566
 18.36532625 16.65599201 16.37777699 15.89529828 15.21502556 15.55576517
 11.57468958 10.63074225 11.02396352 11.48716513 11.4045821  10.79151077
 12.30769437 14.97411757 16.60194334 17.26660324 17.89854864 17.68330687
 16.39660381 11.87223378 11.91788225 14.84929561 16.85510352 16.75497149
 15.39431158 15.08189892 13.91428304 14.17641821 14.63797312 12.06675078
 10.73396336 11.07442151 11.22959289 10.91574153 10.7328946  12.55695781
 18.8097226  17.52869202 16.04198971 19.58592329 19.80943444 19.34442575
 16.09628416 11.55679313 12.64132731 17.21231721 18.05815385 16.86258864
 15.68786219 15.22995685 14.28611787 13.94825143 14.01985167 14.49195232
 14.92746659 11.79581317 10.36023116 10.85392093 11.14948713 10.20508003
 10.53110193 18.54393042 15.79386829 16.08771744 17.98181063 18.75922426
 18.91176156 18.88139788 13.42469542 16.79386068 18.58113764 18.81752226
 18.16011434 15.74495773 15.48403261 16.87318381 12.21185545  9.88898404
 10.20330738 10.20347882 10.74521296 16.80604201 17.05708223 17.05580274
 18.054557   15.80270264 14.6837746  14.90066514 16.04580298 17.49042781
 19.18760239 19.77222103 19.03833965 17.66803837 16.49389994 17.88136298
 18.62232519 17.63968275 11.62668601 12.05312291 11.96324231 12.03282152
 16.00485117 15.67374446 18.91717097 19.02636546 18.5133063  16.57588492
 15.82169953 16.77937711 17.24168721 17.73466581 17.96420455 19.33786448
 16.82031601 15.72471987 16.27048229 18.83788257 17.97939849 17.93124677
 16.48541157 16.81721448 16.48913673 16.89033923 17.17594001 14.81303761
 19.06654039 18.74775335 17.21092323 16.89162597 16.15957596 16.69263997
 18.12521939 14.89591237 15.74200941 17.42164542 18.95471433 18.54661788
 18.24029726 18.08074745 18.16756852 17.89675711 16.55716942 18.78552934
 18.25779434 18.84240839 17.25140142 17.20349112 16.00077607 17.82106375
 17.19191481 14.80700535 15.59846203 17.80643076 18.46834045 16.80691046
 19.23186174 19.59568438 18.47531059 17.17699991 16.67079007 17.43330025
 17.36329074 17.77468701 18.35982773 18.93224471 17.42846597 16.8981153
 17.01962835 17.8954176  16.42432411 13.23562574 15.59715042 14.67058156
 19.52324451 19.65657945 16.80474532 17.68438288 18.60421923 19.41864671
 16.87954953 15.11314157 17.50558356 18.12399824 18.619974   17.42118945
 12.79365969 11.95308386 13.15369005 13.22664377 19.93142974 19.39217477
 18.20868918 16.65699971 17.49516961 18.31522162 15.82422584 18.81985514
 18.16877249 17.61047173 17.70861999 17.83350112 12.53859705 11.14687845
 11.26365984 12.37757222 19.37240427 16.83292574 14.92396438 16.21203381
 16.80587782 16.70261187 13.88107801 19.07872953 18.71881786 18.36041476
 18.09282305 17.90412148 13.28285585 12.0561582  17.45770722 15.72396998
 14.33672732 15.1445403  15.20972259 12.10128952 14.87099982 18.4415665
 18.64042686 18.71476716 18.08135498 14.85500166 11.43216016 10.94538835
 11.55646632 16.36929172 15.01108543 15.088309   14.88304886 13.38112191
 11.25333541 13.97766258 16.25182398 17.13896231 17.70707836 18.13837177
 17.780742   17.04399616 13.40000316 11.9204801  11.10086853 16.01423363
 15.11270564 15.44467778 11.21028326 13.72604692 15.11040404 16.88713015
 16.05350426 15.34705224 16.25137143 16.45994801 15.33523492 10.89242137
 10.72112209 14.44698563 14.51010982 15.19439638 13.31813074 13.36017679
 10.55083169]
[ 5.6224964   6.89438892  5.70666924  6.43989963  6.98939997  6.23984909
  6.56436009  7.30249752  7.24126232  7.37849639  7.22167881  7.01062455
  6.601343    7.50647463  7.51640404  7.53606163  6.34047956  6.76098692
  8.12889145  8.45668546  7.63942624  7.73504529  8.14961589  7.53494886
  7.62166892  8.13599768  8.16402766  7.86783039  7.10743731  6.45521603
  7.88797004  8.50257551  7.05930815  6.93766161  5.83371962  6.09184931
  7.0194844   8.83841252  9.0613516   7.8128534   6.46954047  5.90207271
  5.69044107  6.89246516  7.46081685  8.40487725  8.62071273  8.74085315
  5.86328518  5.70243404  6.63907018  7.23040628  7.95913604  8.72433334
  8.22267941  6.06832497  6.78259849  6.47419056  6.99522638  7.90078072
  8.72984346  8.65988401  7.41868588  5.71900013  5.8023332   6.25566202
  6.55850271  6.35220937  7.09002185  8.78384645  7.7935617   5.78413126
  5.30186978  5.67184844  6.159679    6.77035229  6.97705274  7.73437821
  8.55359757  5.66415963  7.10587535  6.82370414  7.22986907  8.74217524
  7.4407949   6.04600295  6.24303943  7.03124799  7.2694104   7.25273885
  9.12455909  8.41246692  6.64884319  6.87895674  8.35169261  8.39014067
  7.46561328  8.68231266  8.03803871  6.73503721  7.15134131  7.71697859
  8.30813483  7.29762615  8.81415134  8.32313515  7.02849076  6.67426656
  6.93758013  7.28143352  7.10965593  7.66925383  8.05864586  7.10997651
  6.91142861  6.43323853  6.51040135  6.90136673  7.069272    8.16022298
  9.44690742  6.15669383  6.59888194  6.83771827  6.33551714  9.24942676
  8.54756042  8.00331178  8.0378663   7.24750877  6.89432921  6.07918801
  7.66014723  8.70352407  7.81092295  7.92386133  7.34786467  7.3028912
  7.45588087  6.69473285  7.93609481  8.67445231  8.07761109  8.73926193
  8.33636591  8.20255538  7.51600439  7.24750683  8.17525173  8.56712755
  8.58695857  8.08798237  7.84894999  7.63550626  9.41271065  9.30775803
  8.73016077  8.50414403  8.02178031  7.68695613  7.82738514  8.78376201
  9.28151081  9.26287927  9.00292246  7.98819681  7.86025152  7.49226393
  9.19032543  7.69325334  7.87502086  8.02216844  7.738074    8.9804088
  8.64182592  7.9589566   8.10347532  8.2942939   8.04367982  8.04928096
  8.07174501  8.92477275  8.64215063  8.25584996  8.35255848  7.52867902
  8.8529803   8.9562113   9.38911846  7.75910531  7.7745201   7.88807027
  8.02692111  7.2089683   6.62846093  6.33749617  6.62543645  6.97678649
  7.45926878  5.95591432  5.2515303   6.25926533  6.31891619  7.10964481
  7.70758526  7.59506508  5.71301769  6.23843314  6.98701319  7.80303703
  7.85510936  8.24680459  8.18175032  7.66937444  7.49532398  6.35179332
  5.62696787  6.75593663  7.46930984  8.49864955  7.01871228  6.52970122
  5.97912166  7.44186325  7.71137135  6.81589583  5.77370098  7.24560206
  8.11264256  8.28655446  8.44865613  8.1782978   7.5224358   6.89189485
  5.77254615  5.54670388  7.94095132  9.70485797  8.74872079  6.66713295
  7.11528511  7.62381991  7.99784571  6.85312644  6.6087271   6.59032889
  7.32522927  8.38812954  8.19437062  8.20228687  7.85533565  7.40058059
  7.37685432  6.3492888   8.02091255  7.08308685  7.52995797  7.1650984
  7.03717451  7.07888521  7.65651122  9.07356359  7.41640589  6.87054747
  7.59194634  7.95995794  6.68056932  7.0144912   6.94351329  6.91252946
  8.14454038  8.26640654  8.30943559  8.07972227  8.08145383  7.227669
  8.70044462  8.10221934  6.6572069   7.64194501  7.85003513  7.94660746
  8.28270842  7.47156628  9.24902451  8.6337702   8.39125598  8.00521053
  8.61224555  8.87498333  6.78573535  6.66814951  6.92916456  7.10159166
  7.01836581  7.20176117  8.58987975  8.46811727  8.44244312  8.33969149
  8.10424482  8.86263626  6.43365694  6.59161474  7.10965247  7.31067826
  7.37290426  7.34748253  7.90665173  9.98355625  9.42040354  8.9742375
  8.73975896  7.15256308  6.88409711  6.80570287  6.27915634  7.83379786
  8.42972888  7.98098692  7.70157931  8.27080016  7.64993924  6.88328085
  7.27435895  6.54979616  6.49809514  7.79503925  9.65567854 10.34514761
  9.92258994  9.50278052  9.08891153  9.02961943  7.80792524  7.07017766
  6.92239551  6.50319943  6.50404703  6.69182507  7.00970745  6.66635528
  6.48608855  6.10957777  7.74135448  7.67302345  7.35013205  6.4866703
  6.69759058  7.80554695  9.91807145 10.1493907   9.04534868  8.1200676
  9.22859876  8.13677042  6.96318732  7.15967966  6.30153845  6.07268536
  6.3969702   6.78041578  6.96449582  6.56758909  6.7460434   7.37826002
  8.36479951  7.74742737  7.14427955  6.62474468  7.49349829  7.0619404
  7.4661142   7.92858972  6.55000321  7.21042697  7.28082076  6.42376546
  6.61741656  7.04534     6.41277588  6.23604919  7.5803546   8.34297547
  7.52955304  7.28730567  6.9831471   7.02577387  7.13551973  7.35462213
  6.6912327   9.36787137  6.57689264  7.26345285  7.26196381  5.58373287
  7.11749381  7.47168165  7.88778986  8.17211432  7.16301338  7.53399113
  8.31580535  9.08007018  7.45782628  7.47240245  7.42924294  8.48867132
  7.86613357  7.02418224  6.83294516  7.74918168  7.06724661  5.3850944
  7.40161405  7.48713273  8.25361579  7.91671836  7.49535526  7.41599922
  6.8861151   6.62135323  7.28998805  7.12001657  6.98841043  7.54323235
  9.4996592   8.86499803  6.83185447  6.71194442  7.22618776  7.32261231
  7.85938793  8.72974855  8.01978061  8.00600732  7.59689134  6.93543446
  7.48539254  7.20305135  7.0093045   6.92378389  9.55022975  9.24158748
  7.25760269  5.71772105  7.262386    7.49335403  6.40973472  7.19529848
  7.77941817  8.23831184  7.74469927  6.51335853  7.14092493  7.37521852
  7.06236459  7.14833607  7.9498369   5.76809107  7.23215003  7.04154332
  6.09460335  8.39181849  8.87316318  9.15985959  6.42176315  6.50473376
  6.7736816   7.42627233  7.13819574  7.11946791  7.22585851  7.18128695
  6.13035588  8.5479684   8.69547055  5.09809584  9.11325727  9.07000993
  9.09448664  6.68387581  6.1706791   6.63678515  7.53258325  7.16373421
  7.16213666  7.51215862  6.56992989  6.935014    7.65965048  9.34825633
  4.88148597  8.49133114  8.72796643  6.14762915  5.73745462  7.99365818
  7.60311836  7.7902892   7.9079901   6.66739807  6.71285406  8.06481847
  7.63726748  5.39869313  7.37448952  8.26592496  7.84024518  8.62704816
  7.97049263]
[6.37730095 7.06373855 6.42409715 7.04497243 7.03741436 6.86332857
 6.93101565 6.8632126  6.92282063 7.41109364 7.5497274  6.96447442
 7.00604589 7.67802273 7.90449403 7.80305597 7.17983851 7.3007602
 8.00625623 8.09477888 7.00762087 7.3202596  7.87423233 7.76816028
 8.07779945 8.3478623  8.06496466 7.59900024 6.73292177 6.17888526
 7.40367214 8.15160859 7.13450873 7.08327585 6.11875706 6.06935842
 6.91944167 8.82789227 8.97515052 7.55845437 6.60323192 6.2132619
 6.09003047 6.78836017 7.85675341 8.93288857 8.74669413 8.46973333
 6.02946297 5.90895795 6.20499145 7.27645826 8.23678997 8.72493034
 7.90084812 6.03589099 7.06426143 6.76375984 6.86754377 7.80801818
 8.75932508 8.33392839 7.15293675 6.05963626 6.28639149 6.86834203
 7.36217764 6.97973984 6.56539332 8.42554465 7.78239469 6.30678292
 6.09574856 6.23723863 6.52020023 6.85330492 6.37327021 7.3128428
 8.07586046 6.44304109 6.85573417 6.92818193 6.67801669 8.23487581
 7.52354858 6.83887832 6.95072196 7.01175686 7.63294602 6.8780702
 8.7287341  8.20772673 7.05970251 7.12472748 7.83674113 8.38510592
 7.18782932 8.2707379  7.89642519 6.89310385 6.92054317 7.14176707
 8.05613616 7.18437801 8.41766373 8.10026569 6.95162656 6.85002539
 7.30928073 7.52605493 7.14342254 7.39089306 7.90404538 7.32241729
 6.88039059 6.96930159 7.14213981 7.31470125 7.30543696 7.6482435
 8.58534002 6.88826154 7.02819701 7.10396439 6.40675661 8.11997851
 7.90974921 7.65891682 7.81344957 7.27979569 6.67938594 6.16344189
 6.80313542 7.47809339 7.04930412 7.2501641  7.14142158 6.73562738
 6.97846102 6.56129524 6.98523424 7.3621929  6.96128721 7.53730854
 7.78194107 8.1594115  6.86304802 6.56675655 7.18634396 7.38454018
 7.93158432 8.03405959 7.27496146 6.89442135 8.10365923 8.06591113
 8.16386773 8.36444469 7.83289166 7.06209458 6.57421559 7.77335608
 8.4219417  8.71643084 8.43742906 7.50267546 7.09978697 7.23025897
 8.58185723 7.46278425 7.48397393 7.44779478 7.00422854 8.51832706
 8.66803361 7.5978598  7.69864985 7.64176843 7.28104812 7.81326854
 7.88175807 8.39484779 8.52652744 7.95291644 7.75448113 6.7077779
 8.13857978 7.95220038 7.97101597 6.93955358 7.19180635 7.0173578
 6.85959405 6.50001923 6.69925931 6.32989395 6.6567886  6.69210508
 7.08145497 5.8051578  5.252237   5.52918579 6.06331762 6.53150125
 6.59735433 6.00568487 6.53193826 5.64896335 6.39035231 6.06124697
 6.2200711  6.63145696 6.38288854 6.19882195 6.04955222 6.43207404
 6.53316553 7.04326871 7.37396892 8.200886   7.12094875 5.88810629
 5.72252774 7.1196494  7.39274186 6.81637892 5.58992765 6.80856557
 6.39356987 6.71236596 6.95353559 6.37329237 6.25652165 6.73496209
 6.53282372 5.81343113 7.40349827 8.54901277 8.08335242 6.41287868
 6.31345714 7.24173242 7.46964395 6.51691882 6.20641546 5.92934797
 6.45515145 6.48444011 6.47234429 6.7009878  6.32502313 6.26677368
 7.22684283 6.91501087 7.83196555 6.7583985  7.21110168 7.00030071
 6.75723372 6.70348643 7.11993689 8.22706899 7.09533363 6.47802042
 7.06511664 7.25126195 6.28498256 6.57495936 6.49063576 6.41857483
 6.50295802 6.48706167 6.68029534 6.40379992 6.46529595 7.42896703
 8.45131743 8.0641723  6.87578364 7.27989584 7.50274057 7.51876057
 7.77562534 7.11456873 8.07837308 8.11359581 7.80693518 7.52300678
 7.77287373 7.84440426 6.40422478 6.24328742 6.34949701 6.73508151
 6.62286535 6.72907884 6.46200508 6.50098472 6.78206825 6.201528
 6.31596803 8.64872011 6.96096089 6.71655739 6.86495978 6.81601642
 6.76048546 6.75660906 7.32594464 8.98136786 8.71283564 8.38361621
 8.34401426 6.50866119 6.21166181 6.19884419 6.6718796  5.80328415
 6.17663518 5.96622527 5.91734474 7.95470442 7.61225616 6.99162064
 6.9322201  6.11899999 6.15571105 7.14911536 8.43514754 9.08267585
 9.02319853 8.78047438 8.54312981 8.24824147 7.07003589 6.35930071
 6.12716197 5.74556517 6.14184766 6.49841457 6.92734805 6.51591853
 6.23254337 6.2392496  7.60010548 7.26893301 6.69849927 6.08764194
 6.46865229 7.34372841 8.75983981 8.94698963 8.31250669 7.7522433
 8.12698142 7.11365926 6.34759878 6.02761933 5.04819226 5.60858683
 5.88743197 6.52712008 6.95341977 6.35294342 6.219087   6.84447814
 8.37205591 6.85731852 6.75065379 6.47914579 6.98087689 6.74304197
 7.00162824 6.89262088 6.04569378 6.43902577 5.988524   5.48346359
 5.95628057 6.40105101 5.63767153 5.26429754 7.00603098 8.22140187
 7.13134117 6.7258394  6.73456642 6.53531967 6.68432538 6.82517106
 6.4664025  7.89820818 5.77390318 6.0459107  5.96407855 4.80026215
 6.28748166 6.68894298 7.25124645 7.4888552  6.5481161  6.8775177
 7.7023186  8.81001945 7.06836715 7.24943736 7.27400001 7.5684807
 7.21400824 6.78316707 6.85500378 6.80217986 6.08714877 5.24223133
 6.46621657 6.63344948 7.50244533 7.46903541 7.2494067  7.30493577
 6.85603651 6.19183041 6.60129093 6.44667662 6.71134057 7.53576975
 7.95487224 7.52820716 6.21128656 6.14423727 6.42395531 6.56853703
 7.25087394 7.95391078 7.62012178 7.76614819 7.27163244 6.09289127
 6.67968284 6.44607818 6.25313828 6.39105223 7.96150743 7.61743134
 6.78562826 5.88969435 6.58097787 6.93686843 6.18737235 6.83228093
 7.42468611 7.94748611 7.11364995 5.83535384 6.34637569 6.52009362
 6.13805812 6.44886647 7.13681526 5.85660842 6.64431258 6.78145707
 6.70301224 7.37968311 7.7713282  7.64722599 6.07849966 5.90884468
 6.13251894 6.7788122  6.36182822 6.44980623 6.89768004 6.89719518
 6.12658003 7.54670455 7.71506186 7.34576594 7.69374062 7.92084572
 7.56477679 6.28230327 6.14231194 6.52086077 7.2330346  6.81107754
 6.56865953 6.91726934 6.42557878 6.93715572 7.16315006 8.03021847
 7.31903559 7.5589965  7.30293296 5.99711077 6.0678463  7.72602079
 7.26715708 7.53391085 7.44464051 6.01543591 6.20028808 7.16683775
 6.85103635 5.81008925 7.33542862 7.92915859 7.69528202 8.08047548
 6.90096544]
[5.05974935 5.47038701 5.87799635 6.24505404 6.05671451 6.1125363
 6.8664944  6.74917373 6.89695807 6.30817274 5.85049724 7.12334052
 7.13059526 5.52632732 5.21593932 4.75622488 5.64623878 5.53370126
 5.02897111 5.09326265 4.89418308 6.64856039 6.65993609 6.14635753
 5.36390709 5.14104183 5.08872134 5.0768996  4.85250349 4.91133889
 6.42377248 6.32319734 4.9777238  5.04993872 4.94139411 5.51647004
 5.11083719 5.80794507 5.51458522 5.07661121 4.80742951 4.99710995
 5.63868824 6.78418061 5.63197574 5.99656918 5.64148937 5.34010651
 4.97902447 5.62464586 6.02021101 5.3127804  5.63480238 5.54843249
 5.33312211 6.13096985 6.7029738  7.55568738 5.51621817 5.52090484
 5.77171704 5.43256577 4.98542408 4.7079794  5.33553094 6.37829355
 6.50479205 6.33653063 5.41935868 5.477755   5.06942524 4.82278806
 5.06924857 5.70940785 5.83238058 5.33240436 5.1569803  4.74399135
 4.96688718 4.85671914 5.11572006 5.05940831 4.98238335 4.98281871
 4.8592188  5.57360807 6.50389818 6.27157593 4.9147352  4.97021848
 5.19480839 5.05506741 5.39558816 6.45139046 5.95348748 5.24972609
 4.88096812 5.22461997 5.20204008 5.49056402 6.36690506 6.49341026
 5.89405178 4.84173987 5.15323839 5.17880529 5.85151394 6.66688395
 7.4466942  6.9558903  4.56240242 4.53565394 5.10077246 5.34898923
 5.79171913 6.56081832 7.1564056  7.96976741 7.16920466 4.47421338
 5.0254639  6.24260423 7.13114548 6.58006279 4.22680198 5.04573371
 4.81787848 4.74509724 5.06246251 5.43712085 6.01656113 4.604322
 4.58087194 4.94718116 4.59082566 4.49453777 4.77008552 6.89120691
 6.93773942 4.65416732 4.66061917 4.97465363 4.912745   4.81678293
 4.99362371 5.85267047 6.84919602 4.56868465 4.75396253 5.06131535
 4.94271582 6.07794152 6.59339339 5.26416226 5.31604219 4.93584981
 4.85508788 5.23457885 5.88105707 6.24048764 5.04282269 5.58768966
 5.43672567 5.12958132 5.30915988 6.13056497 6.53207276 5.51894843
 5.40835272 4.98698517 5.02675976 6.0053861  4.81398015 5.43910997
 5.30806819 5.39518575 5.38351377 6.1631633  6.14368405 4.94189043
 5.09062015 5.3638958  5.95008106 5.73206836 6.30302629 4.85518634
 4.90111045 5.16295048 5.59122255 5.21943249 4.85104019 5.4958854
 5.87864054 5.6973708  5.12211482 5.56545323 5.88752146 5.68259683
 5.64759636 5.10616038 4.95059175 4.40959719 6.02180895 5.70438108
 6.17205024 5.95190869 5.45770539 4.81096715 6.35707171 6.56252204
 6.09752683 6.00779259 6.92692571 7.04449108 6.54095063 5.9259144
 5.50555258 5.904976   5.42028002 5.82463031 5.60869887 5.65260921
 5.25025422 5.21834153 5.05921475 5.03320695 5.14274954 7.18124224
 6.47732046 6.13855216 6.21462276 7.20392937 7.23528815 6.93919907
 5.75337707 4.56080562 5.00579433 5.36929522 5.01762985 4.8541313
 5.116538   4.95124462 5.26590404 4.77515783 4.4586693  4.71414413
 6.70690311 6.58382633 6.0364969  6.23968039 7.22693683 7.30846996
 7.87237288 6.13996479 5.53696306 5.34094121 5.51673124 5.04013891
 4.86673614 5.52957515 5.24018288 5.03014328 5.10863725 4.91255058
 5.14732714 5.22712109 4.84311138 4.92537355 4.72358455 6.30181351
 6.19999276 6.05495109 6.00328381 7.13373094 7.66260458 8.03900857
 5.33683738 6.84185831 7.32596942 6.67036474 6.27316884 5.62031657
 4.90997206 5.4353825  5.27794822 5.06937034 4.96817382 4.84058609
 5.27362997 5.37133854 4.86059106 4.76996498 5.19592049 4.93088092
 4.51938272 7.0108368  6.8515996  6.41691296 6.11694575 7.57333607
 7.85024856 5.52192599 7.27436398 7.10793183 6.79610261 6.54152897
 6.54562783 6.26519177 4.98947383 5.42591794 5.39511574 5.5184252
 5.47105527 4.78556821 4.59661859 4.47210089 6.86047379 6.86274349
 7.21243644 6.93066232 7.46964827 5.35178523 5.91651006 6.89483862
 6.71015226 4.91363307 5.5751334  5.00038213 5.69192944 6.07963891
 6.01104908 6.42070316 6.25183374 5.75744077 5.23631999 4.92142113
 5.26956228 4.58573466 7.68613399 7.80075156 7.75758442 7.67010989
 5.79808131 4.86142954 6.14857346 6.41799253 6.61871425 4.82055157
 5.80507504 5.25080004 6.26322996 6.26319629 5.68873619 5.451427
 6.22242    5.555286   4.70983023 5.53702065 4.4583426  5.21593128
 6.70054461 6.6172282  6.10587536 6.01589115 4.87307761 5.06033902
 5.90456987 6.68984295 4.64946714 5.06777612 5.28492842 4.76866282
 4.75811127 5.49374953 4.66400591 4.84578843 5.58285929 5.44235097
 5.37589158 5.11274365 4.83877207 4.65565357 4.84334692 5.59909076
 5.75443889 5.6584326  4.64124059 5.03670267 4.51977754 4.93350364
 5.09569054 5.79871618 4.63855501 4.98623214 5.1727906  4.22250791
 4.88910974 5.30550089 5.3373418  5.07813952 4.70096715 5.14189749
 5.24925615 5.37486903 5.46400219 5.63658673 4.92388255 4.81328051
 4.6123865  4.87698291 5.00348408 5.07236301 4.72583416 4.46858096
 4.98692309 5.16211183 4.88450701 4.93049717 5.2329929  5.49359723
 4.79849572 5.53193954 4.73645863 5.18096146 5.18447192 5.20331947
 5.46158009 5.3491592  4.86547847 4.88499255 4.8875483  5.08257419
 4.989593   5.12410471 4.9553688  5.15837502 4.89690845 5.25944038
 5.01265391 4.96204561 5.09481619 5.02552418 5.47847839 5.56556969
 5.37165546 4.95656426 4.78231909 4.97076967 5.12078488 5.09903888
 4.99558322 5.02043883 4.98609471 5.7440992  5.28742111 5.23213124
 5.18514449 4.99061585 5.01020585 5.13909353 4.92545889 5.09011851
 5.89569517 5.78760683 5.4580124  5.37725586 6.52396368 5.8456826
 5.38622928 5.30625617 5.24731553 4.63188922 5.43605769 5.64989826
 5.40080077 5.61373378 5.84899376 6.44986114 5.80975347 5.38433417
 5.5924158  6.48201858 5.61516585 5.20208799 5.2533504  5.4203728
 5.32679016 5.12302744 4.88652789 5.39168469 5.55313163 6.07453923
 6.31022861 6.0966014  5.86038255 6.15165092 5.51779637 5.1947598
 4.98636258 5.13458889 5.01945616 4.70300236 4.60389534 5.45280333
 5.99095559 5.52522394 5.03804796 4.91817332 5.20528714 5.2352098
 6.19532806]
[4.41948306 4.64904748 4.59595431 4.32148016 5.06869388 4.68760696
 4.25302577 4.73211026 4.70630914 5.08297391 5.33281091 4.35950363
 4.63761765 5.44146679 5.99714928 7.20198609 5.18104702 5.16317104
 6.87969654 7.49011984 6.6360679  4.64530671 4.78151686 5.26274651
 6.186266   7.11479649 7.12794114 6.87720404 6.28565673 5.69097228
 4.84694271 5.28709981 6.65034884 6.5550604  5.54456968 4.79171139
 5.470907   6.88388764 7.43934064 6.58921582 5.97869428 5.65643401
 4.29029822 4.78807364 6.18103282 6.84435599 7.17064217 7.0718588
 5.55652557 5.43682596 4.28850688 6.24189361 6.69601764 7.39783453
 6.8218769  4.77209588 4.52450278 4.60610206 6.23325334 6.35700118
 7.24554478 7.22029185 6.39051977 5.22423554 4.76716591 4.95061041
 5.3633352  4.80678907 5.95330838 7.3047892  7.04854309 5.64151584
 4.57939406 4.33872011 4.69434288 5.29954773 6.06265333 6.32518529
 7.29434051 5.189157   5.78236484 5.89941419 6.23403313 7.52481774
 6.84355517 4.70492508 3.96338404 4.25919506 6.35619443 6.05468199
 7.77018998 7.53900069 5.61496741 4.55610462 5.3706883  6.53572545
 6.6011609  7.51904388 7.12678208 5.49892801 4.65986599 5.11718615
 5.87987884 6.34277611 7.74635581 7.35107356 4.9968261  4.32534042
 5.06719036 4.9160723  6.56982881 6.80726477 6.83611997 5.56254393
 4.58411776 4.09219433 3.90945553 4.07761249 4.05208749 7.27242287
 8.083507   4.15103906 3.91430317 3.81513482 7.27206739 7.66268045
 7.46561994 6.8054971  6.18752803 5.46970281 4.60975778 7.50981079
 7.03277087 7.54503119 7.58342822 7.28266468 6.52828523 4.82945359
 4.20133629 7.41838534 7.23910862 7.78225864 7.73287517 7.47176863
 7.03462721 6.32562402 4.8571476  6.85807715 7.41151307 7.62905941
 7.37214894 5.94446017 4.91517132 6.89246573 8.0854181  8.32087803
 7.54844729 6.78927037 5.94941761 5.04406014 5.82553853 6.8627569
 7.50935285 7.66892231 7.47461257 5.72398496 5.01079688 6.71739102
 7.43650878 6.42848987 6.05271161 5.4872784  6.35209084 7.48952442
 6.82680793 5.67620185 5.59869685 5.11996513 4.98292946 6.91901468
 7.09636868 7.38524046 6.3015244  5.33352053 4.85967645 6.52418436
 7.80904834 7.53719506 7.32051988 6.16440574 6.19795802 5.11005523
 4.82309109 4.68914409 5.64432966 5.35334999 5.49614406 5.48847458
 5.42754087 4.96139734 4.87562191 5.36065406 4.86734652 4.91071435
 4.65313163 4.14064041 4.94910664 4.7262759  4.62999441 4.7630687
 4.53481308 4.66745995 4.47362283 4.04472894 4.0621592  4.47098795
 5.0665487  6.08804963 6.91816408 7.54870777 6.65868896 4.83997627
 5.1592176  6.61781037 6.82801256 5.32704852 4.95970692 5.04365269
 5.08503782 5.12666276 4.9950311  4.62741236 4.552077   4.68984699
 5.07409225 5.40962507 6.93801182 8.54840717 8.10063671 6.0082093
 5.31003322 6.61409291 6.81659108 5.26098197 5.58611637 5.06565963
 4.86950287 4.94037158 5.21450327 5.18107828 4.72587805 5.09163948
 5.26327719 5.25367446 6.75574276 5.32279068 5.64414877 5.88370967
 6.50355454 6.11671405 6.62997446 8.22404995 6.4966087  5.85475296
 6.6723414  6.94368086 5.1869137  5.38184883 5.43026332 5.42748064
 5.65693071 5.73405948 5.21728048 4.87142965 5.36458027 5.49860329
 7.16752296 5.9283072  4.49009535 4.7396572  5.00061762 5.7541376
 7.41537086 6.22356109 8.12332016 7.36473395 6.85001022 6.68819231
 7.45271999 7.64080185 6.16406844 5.44872342 4.82382683 5.73636018
 6.16567308 5.06091569 5.19694512 5.52122376 5.15795464 5.37463587
 5.97280979 7.32422821 4.50464091 4.42699292 4.51822485 4.56054923
 4.52038234 4.72820273 6.59869158 8.34480568 7.52741591 6.98414646
 6.93684929 6.35898939 5.74310091 5.84074256 5.00906159 5.73175026
 5.68459533 5.75505361 6.21299956 6.97729507 6.0527908  4.77667557
 4.65911358 5.0664017  5.65987362 6.76281517 7.82813449 8.22754618
 7.67403295 7.24825505 7.11516583 7.16757412 6.78695971 5.60395217
 5.3054929  5.61660493 6.06987557 5.80893698 5.82335874 5.36607505
 5.38341417 5.64391323 5.52415729 5.06660142 4.76820138 5.48301231
 5.89976642 6.83234073 7.56929979 7.61575991 7.14398297 6.50325898
 6.73350886 6.63371314 6.62333462 5.02516868 5.13330422 5.36645547
 5.22376341 5.5074999  5.67193908 5.07784229 5.72933655 6.49570104
 6.5774117  4.79256335 6.09855918 6.31925722 6.73839008 6.4524372
 6.41225467 6.50358986 6.02214944 5.25572813 4.86821595 5.09032012
 5.6946954  6.07188343 5.72154292 5.38519742 6.78008683 6.81590093
 5.99310846 5.65798342 6.53539198 6.02947927 6.46962067 5.60112949
 5.88883848 7.23596209 5.61315739 4.82327551 4.85776022 4.93841885
 6.0815902  5.98419707 6.93917965 7.43833524 7.04523236 6.61557107
 7.27767365 7.80278511 6.04694551 6.29455062 7.13385184 7.1594246
 6.48319564 5.59920351 6.13620721 6.5603986  5.02579875 5.09854102
 5.86518352 5.8692643  7.70882423 7.3722673  6.53173791 6.40314762
 6.98528956 5.07372491 5.91259158 5.19252093 5.59753092 6.60618381
 7.40519489 7.24254301 5.72506854 5.44333168 5.8448605  5.96490387
 7.20762196 8.13860972 7.20944563 7.16884091 7.52246927 5.17149397
 5.76631261 5.85752491 5.43207228 5.80950073 7.69968598 7.27736912
 6.51854077 5.73738454 6.14525084 6.98353074 7.31057515 7.3938984
 7.36032028 7.64841638 7.36350523 4.80750759 5.29762099 5.68519413
 5.63730683 6.32010289 7.35361339 6.28766145 6.56267501 6.56900142
 6.62402614 6.94744435 7.67402556 8.21525289 5.0655697  4.77989542
 5.22383235 5.90159249 5.80282034 6.45468853 6.50160281 7.16838449
 7.15229706 6.88298153 6.47926533 6.41298431 7.00720739 8.49203432
 8.2409922  5.30543192 4.78568238 5.32791331 6.2549297  6.29089452
 6.08267852 6.62358261 5.75137989 6.59793231 7.33837016 6.66604476
 6.74743215 6.57053637 7.82134583 4.85310913 4.77989289 7.18304053
 7.15329728 7.20196457 7.29495613 5.94139667 5.74732114 7.41911535
 6.82714804 4.54202427 6.53809569 7.74677339 7.49234407 8.08944115
 6.34639242]
[1.97047674 2.29660816 2.06007091 2.26657718 2.53693729 1.74663737
 1.98052269 2.41789317 2.72020157 2.66069086 2.45987304 2.17426156
 2.10063506 2.05269845 2.4285301  2.30434517 1.74201388 1.69215108
 1.95335127 1.90963766 1.83945431 2.09350763 1.66101772 2.06234739
 1.91212747 1.81048941 1.97693121 2.10966872 2.21241927 2.14739135
 2.06097827 1.70678716 2.22108143 2.52031572 2.56422045 1.79449268
 1.62575176 1.89543047 1.95116176 1.92862882 2.21296621 2.34150338
 2.2089758  1.82743858 1.83750126 1.60067539 1.79366067 2.06183129
 1.80061009 2.16889099 1.87278074 1.66463377 1.6522904  1.65179248
 1.89491786 2.01204677 1.87173471 2.16085487 1.75573488 1.70981092
 1.44575156 1.76371798 1.98068695 1.78690928 1.73524187 2.14458408
 2.3112812  2.3113842  1.94497268 1.39177299 1.55244103 2.02859301
 1.91449296 1.90257601 1.60943065 2.06506004 1.92577608 2.05401251
 1.93156189 1.54569557 1.75855801 2.02419276 1.73349845 2.28808448
 2.19649558 1.7910768  1.68304168 1.79204928 1.92354792 1.50830109
 2.04783908 2.03038142 2.28254947 2.32926893 1.76755468 1.8013678
 1.93378116 2.15838925 1.96734772 2.14521908 2.03728533 1.76179908
 2.08444665 2.08527275 2.07193205 1.85255155 1.99775769 2.02969011
 2.20436108 2.23639627 1.49213163 2.33642399 1.73052664 1.70072138
 1.69426121 1.76063563 1.80009023 1.74483963 1.9872859  2.18984091
 1.74241922 1.53476066 1.79499916 1.90083361 1.76089211 1.63263237
 1.90497236 2.13290196 1.76436048 1.80952969 1.81568526 1.89240055
 1.8633086  1.7014118  2.29280365 2.06121543 2.06733425 1.74106814
 1.81956933 1.92628212 2.07550426 2.07836849 2.30521434 2.08610787
 2.20684889 1.9453936  1.89098055 1.87970832 2.28241932 2.43245447
 1.93302687 1.64085446 1.85883812 2.5570724  1.98867414 2.13019065
 1.97665058 1.98201662 2.18216844 1.94321589 2.0772649  1.84606123
 1.75100787 2.00516694 1.65898637 2.02868843 1.81772059 2.14512629
 1.86093724 1.92067425 1.91746255 2.1362384  1.99289582 1.5622503
 1.82274193 1.70758129 1.70675286 1.91224386 1.71172747 2.27423201
 2.11127121 1.98604135 1.52792282 1.68059576 1.76190207 2.14563493
 2.43175037 2.32743445 2.14310059 2.19585226 2.06296865 2.05102903
 2.12179499 2.45379565 1.76762355 1.87743255 1.97254788 2.04477155
 1.84571258 1.98327472 1.95574411 1.8755636  1.81609305 1.55574739
 1.62124587 1.78177263 1.95055374 1.82374721 2.22741516 2.08225644
 1.73870483 1.50129218 1.66720953 1.61998392 1.78631134 1.88572381
 1.41888446 1.79357457 2.0460298  1.65243801 1.66664513 1.65700975
 2.0482114  1.88813718 1.73891285 1.5283801  1.71169628 2.35069916
 2.02196247 1.60757948 1.51107508 1.92295832 1.96692623 2.03755192
 1.86234654 2.01484765 2.47885134 2.21479079 2.48699907 2.36088584
 1.86391651 1.84159687 1.40918141 1.42428805 1.8343443  2.23640523
 2.28078767 2.16999913 1.77599184 1.73289145 1.89226706 1.72800273
 1.87287621 1.98952309 1.76782437 1.96675695 2.27731267 2.58787397
 2.38991343 1.7080237  2.28634748 2.09700385 2.16016713 2.21628248
 2.28845509 1.7700046  1.50670584 1.92264403 2.23714199 1.99509908
 2.01070026 1.89503976 1.77650196 1.79094326 2.0425634  1.73239128
 1.85796408 1.75451428 1.8329629  2.04726588 2.15920667 2.26262006
 1.86077374 2.09722002 1.82009345 2.21404198 2.24464919 2.31294622
 2.0879429  1.91438894 2.22298444 2.01137043 1.52190941 1.87548779
 2.40262513 2.22828851 2.21840748 1.85692907 1.7331029  1.69825475
 1.64583864 1.83576444 1.61566737 1.82929259 2.06610579 2.07323423
 2.17173715 2.02755378 2.20695118 1.93297185 2.0491938  1.90685879
 1.6121861  2.51277166 2.2530549  2.28961884 2.23430359 1.7863537
 1.6424884  1.68902615 1.58266854 2.09629844 2.02001935 1.91146656
 2.09161347 2.13485319 1.93557552 2.39293821 2.25023885 1.90579655
 1.82373289 1.55344597 1.41493382 2.11355046 2.39840762 2.11773908
 2.32552823 1.86294948 1.97223747 2.10017422 2.08079061 1.9296273
 2.01943365 2.56938817 1.9649761  2.05320626 1.66115259 2.43187139
 1.70445212 2.27743343 2.05882787 1.93462109 1.99308901 1.37593581
 1.51819945 1.9118966  2.03638866 1.80357014 1.5471075  1.82644421
 1.93565245 2.18536662 2.30076009 1.93651228 1.96725949 2.2774248
 1.79140047 1.65473603 2.40916044 2.40586621 2.01299499 2.10245548
 2.10402014 1.88908741 2.40521017 2.05271513 1.85896549 1.95766939
 2.20468194 2.22249368 2.37834533 1.90426527 1.88890308 1.63762264
 1.67735117 1.98372033 2.53928231 2.20490131 1.67132284 1.64613816
 1.81505556 1.51447802 2.35602418 2.15102304 2.15807643 2.02859942
 2.0775504  2.04016846 1.71012025 1.62614278 1.94069249 1.8359662
 2.11176459 1.63328894 1.80249944 2.07670062 2.44496053 1.37755651
 1.70188075 1.74232891 1.96273313 1.73209946 2.14446028 2.0013687
 1.96673866 1.88913335 1.80243895 1.29475236 1.78234432 1.92475358
 2.33248782 1.88178971 2.28870108 2.09595704 2.29254975 2.04435906
 1.97991439 1.90292793 2.12339095 2.14288348 1.81432381 1.60735445
 1.91819774 2.0299425  1.93736553 2.0786693  1.95159431 2.05538667
 2.29038567 2.24485343 2.09473967 2.13516284 1.99857707 2.25241031
 2.03756754 2.11490266 1.62916849 2.17151072 2.28781774 1.78745064
 2.18168197 2.17208287 2.05578135 2.25681679 2.47383657 2.09478939
 1.7824852  1.39446167 1.84243236 2.02401935 2.30132178 2.6626782
 2.50310319 1.49446715 1.93534353 1.83276976 1.88579756 2.47773977
 2.42670408 1.84461619 1.4935003  1.86228013 1.76868945 1.99251718
 2.01536208 2.24477443 2.17953567 2.90135507 1.7450543  1.76939269
 1.77881442 2.09585732 2.42643688 2.1223471  1.77164221 1.60569584
 1.72323679 2.00775577 2.2200433  2.15609633 2.14996359 2.22000387
 2.89544804 1.85172877 1.88667324 2.05060939 2.1367739  1.87332595
 1.91430646 1.92073533 1.94622841 2.23362735 2.33401284 2.22101701
 2.06739515 2.15913264 1.54331936 1.8815562  1.77261303 1.96097512
 1.99571384]
[14.53500505 18.46330355 15.68393755 15.73950519 16.44678778 17.34230593
 17.81418554 19.69632692 19.7360162  17.59182351 16.88929758 20.79760293
 20.55404705 14.86615069 12.22342355  9.50431357 16.82649679 12.83620853
 10.17194424  8.75233775  7.95922077 18.37052735 18.38519379 14.55930418
 10.90538795  9.6054071   9.11364415  8.53303071  7.99926153  8.75151318
 16.90982812 16.28395596  8.4823231   8.03505608  8.61687566 13.9452507
 16.14728283 13.2556504  11.10616706  9.44864313  8.4722592   9.33205059
 14.10573174 18.38082133 11.88925969 12.29720221 11.96005011  9.91117677
  8.25097705 12.1657479  17.64884129 13.10715209 11.09956651 10.62376608
  8.78381413 15.11826233 18.80235483 21.46004528 13.65471268 10.46013384
 10.0030671   9.05366367  8.17234067  7.57818414 10.74861721 15.36804314
 16.25100978 16.28811013 13.07485324  8.50135048  7.99658369  8.04133681
  8.92275117 10.36807539 10.704878   10.34930589 12.1076705   7.99225104
  7.32144289  7.89940388  9.65710622  9.57567035 11.33642858  7.23182635
  7.00568941  8.76349281 13.82360249 13.25163659  9.62443549 11.58727181
  7.31228514  7.10136498  8.25642092 13.88745062 16.21068774 13.89825122
  7.9071737   7.28878428  7.16628953  8.45610798 13.58875816 19.7500522
 20.09077554  8.12306069  7.25527089  7.0332752  10.63258109 14.65135823
 20.43892307 21.68123567 10.95488806  7.71528317  7.00322932  7.81001607
 10.36044208 13.12839945 16.73748659 20.35000603 21.76506546  7.39078651
  7.15564908 13.31169441 17.27944264 19.95515229  8.26505238  6.91362103
  7.07192073  7.75214322  9.48172135 10.77785757 13.1205314   7.97154781
  6.55762369  6.63676795  6.57658511  7.29367007  9.02268781 17.60787196
 24.04463164  7.89763485  6.55811358  6.52298805  6.32132333  6.77346195
  8.91977943 13.63427512 27.70161652  7.31379593  6.43175871  6.49506966
  8.57562488 16.88826982 27.92377927  6.41247603  6.89702478  6.78284001
  8.4314015  11.00790592 15.72069614 27.16632056  6.54944789  6.89796285
  7.13320265  7.22142529  7.85246749 14.37670279 26.0291656   6.78322636
  7.22695359  8.51281182 10.01540515 14.79372199  6.91318285  7.15227667
  9.37789837 10.72918666 11.99591327 16.48283396 26.09278801  7.01121111
  7.10873607  7.97569296 12.60868429 14.36249467 17.79932335  6.97401755
  7.46579086  7.290642    7.48485966  7.78933559  9.38983477 12.01919197
 13.01773175 12.91558774  8.39659689  9.14979101  9.27155824  9.12873178
  9.66814062  8.91845438  7.68802331  7.73952079 15.48346801 14.9786546
 15.52129939 14.38114742 12.0139385   7.30447013 18.04397382 20.24476214
 21.25270823 20.93736404 19.15119556 16.36005053 16.42328216 17.26730911
 10.86679326 13.80093737  8.86783733  8.49630127  8.7547815  11.33937585
 10.48508674 10.46697982 11.17460594 10.39634959  7.0841984  19.1657432
 22.51084727 22.72357577 21.71358294 19.32524342 17.97987904 19.83567758
 12.54910013  7.49432818  6.44774549  6.61470997  6.85115644  7.30249863
  8.3255422   7.59555842  7.86105909  8.32872276  6.92080902  6.83287371
 17.368614   21.11176702 20.82634385 19.93356659 18.78897538 18.25912667
 20.37009295 14.16540163  9.9266411   9.72696847  9.89325908  9.12332623
  7.75560502  6.96419189  6.32373488  6.74025244  7.32556155  7.49200629
  6.90460694  6.8679044   6.92523438  6.65180928  6.67666355 16.94272769
 23.14369327 22.68241633 21.52592276 20.3627393  19.2647371  21.30991806
 12.80192729 17.39698516 19.72205082 16.0045102  15.2004393  12.60286192
  8.02795308  6.50401142  6.39031178  7.88660528  8.74130689  8.19573988
  7.37493839  7.08193581  6.59770419  6.68485418  6.91367779  6.7630595
  6.69667651 17.68944622 21.93704322 22.90092542 22.77448856 18.70598895
 19.92407918 13.08703672 19.44894332 19.39607215 16.77893935 15.53132644
 15.8793017  14.87395211  6.76048777  8.39405947 10.00703681 10.6316089
 10.18889592  7.05340166  7.07417057  7.23592869 19.60546051 21.56926269
 20.08052534 17.51061309 19.38027228  9.57965947 11.32453616 17.23192713
 16.79472741  8.39433191  7.37132885  7.02667919  7.82209078  9.3605115
 11.39982069 13.21161708 10.51493258  8.63466538  7.33738422  7.94335713
  8.71304873  8.13179471 17.75825044 18.61860041 19.71257664 19.4759374
 10.71041223  7.61806604 14.16344475 15.8299391  16.95281466  8.45224196
  7.91620426  7.5444215   8.2430834   8.83229726  9.38637878 10.99240356
  8.22375407  7.16417318  7.06244656 10.49928749  8.88338718 10.62477546
 12.10925088 12.01108893 11.73194567 12.41402984  7.63704369  6.38515357
 12.26472106 18.14039596  8.34385799  7.33101495  7.09062319  7.57061141
  8.77774025  7.04771223  6.96716965  8.50086686 10.70050047  9.24688213
  8.85038882  8.76064908  8.91207486  8.4587538   6.96482508 11.7515672
 12.53343131 12.50083687  8.06026128  7.45877034  7.03601315  8.66694896
  7.93944294  7.28586926  7.06948989  8.46014473  9.25850571  7.34390871
  9.3335957   9.76892724  8.8710068   8.07284567  7.57969677  7.86450771
  7.78084264  9.52881634 11.27711085 11.68739403  8.35393367  7.6058161
  7.93713201  9.51581133  7.68746899  6.67845454  7.06040427  6.30687691
  9.82014064  9.85248478  7.57518134  8.92345283 10.39361168 11.19096685
  8.04254573  8.3464503   8.10037176  9.60443672 10.31638024  8.46459026
  6.74047554  6.77280093  6.60192769  6.34219675 10.1200479   9.64810885
  8.53417479  7.57574006  8.67405504  9.24100952  7.36231384  8.32663537
  8.08904405  7.92126085  8.48421648  8.79088169  6.82781364  6.86327205
  6.6835918   6.03680283  9.38368588  7.48954328  6.51120402  7.23677105
  7.71869993  7.75564115  6.36239504  9.37905232  8.79863491  8.30164717
  8.57373774  8.36044744  6.91081009  6.05443376  7.98169582  7.02248797
  6.35571005  6.69491603  6.7434207   6.2452755  10.68908023  9.13359345
  8.68092882  8.43183195  8.33247784  7.07521095  6.74791595  6.50291044
  5.9444296   7.35029384  6.78197051  6.77202871  6.55009977  6.33349255
  6.12752903  9.27531804  7.67645544  7.79308097  8.09219822  8.34140254
  8.18033885  7.83784241  6.71276391  6.58117783  6.46454461  7.18727131
  7.01678743  6.89362322  6.0469565   8.08789693  6.39181911  7.59990438
  7.25599879  7.0844721   7.65395819  7.62928008  7.18729475  6.40071692
  6.17584761  7.07756656  6.59604241  6.90615848  6.42832527  6.55383271
  6.22664782]
[4.62703695 5.32991404 4.79866187 5.51808757 5.77311673 5.01014687
 5.36150428 5.96162907 5.73355222 5.84860757 5.62936585 5.71008942
 5.35419954 5.94024761 6.08234334 5.90073448 5.14500278 5.68934393
 6.30612035 6.32704367 5.70339271 5.98054832 6.26110997 5.93244025
 5.93379268 6.2855928  6.42919857 6.0761323  5.50625597 4.96939472
 6.13718152 6.5308263  5.79592525 5.47289119 4.78018107 4.95032809
 5.71645708 6.93650343 7.13892641 6.26510301 5.56288726 4.92236161
 4.63059184 5.1692998  6.95457585 7.36399171 7.05159772 6.7947325
 5.13973682 4.94092468 4.85517947 6.08612753 6.99877714 7.09369092
 6.40329072 4.85040361 5.06666442 5.28375176 5.84105352 6.61322507
 6.99847959 6.55177297 5.82334656 4.74155501 4.75356894 4.96773733
 5.40485975 5.42827792 5.56122046 6.49155785 6.06140636 5.03212941
 4.44048652 4.52092589 5.13835074 5.85041152 5.36050661 5.87466332
 6.04945869 5.01123736 6.01527548 6.00793895 5.382835   6.16368138
 6.13096145 5.2485051  5.2570561  5.7495722  5.69915164 5.41867752
 6.39858239 6.37977242 5.85332442 5.85339257 6.34588788 5.95085205
 5.65491162 6.04550094 6.05480588 5.88782195 5.82812292 6.18095251
 6.16805825 5.75838418 6.1460998  5.99010179 5.87332945 5.40757055
 5.67528219 5.64702845 5.57612759 5.78373502 5.82816015 5.98969597
 5.90060514 5.39587879 5.17946878 5.24987044 5.2362411  5.63238531
 5.88850388 5.13087204 5.1222435  5.20137605 4.22935253 5.42937407
 5.53651202 5.86245083 6.40863092 6.37326508 5.62381501 3.80912293
 4.70112184 4.97089427 4.88046901 5.50419191 6.0746417  5.8553179
 5.71619681 3.97511155 5.00430926 4.83400656 4.39917778 5.4380116
 6.30194084 6.57734824 6.10729034 4.11586316 4.92934685 4.68991929
 6.13865091 6.65323645 6.44787599 4.33442933 5.0827883  5.524245
 6.11630675 6.41979174 6.45635022 6.19828262 4.21663875 4.76125032
 5.3720262  6.32305594 6.24097163 6.60148949 6.27145802 4.41051018
 5.89563206 5.95114363 6.00131606 6.43370375 4.35644553 5.83952126
 6.97621505 6.24338689 6.24216694 6.52034754 6.14938223 5.6308624
 5.74487643 6.40068137 6.75557141 6.34714745 6.45004381 4.28134667
 6.00997092 5.79804054 5.87340815 5.452993   5.84490566 6.09319051
 6.21338069 5.59068418 4.87990876 4.97646005 5.13719444 4.99333306
 4.98401341 4.28530516 4.11113065 4.72651283 4.69769526 4.5220065
 4.49800563 4.43789931 4.71778049 4.8212425  4.96574049 4.98132731
 4.93947374 4.75724531 4.77643019 4.77378005 4.74505098 4.69328597
 4.32093544 5.52981064 5.57323959 5.81380107 5.43363775 5.36646098
 5.18422518 5.59607011 5.81132499 5.67196637 4.71205223 4.83472044
 4.89729889 4.97451975 4.77909566 4.79134137 4.92653021 5.01116114
 4.55320236 4.67852864 5.3492475  6.15921886 6.04121973 5.36370304
 5.60686626 5.59404481 5.8997584  5.44222198 5.08032518 5.00266445
 4.56333248 4.82651704 4.84947614 4.79751114 4.82198384 5.09860826
 5.34379959 5.05759474 6.49819369 5.93890487 6.37121986 5.99700455
 5.27770823 4.12811502 4.74658424 6.21202362 5.68669847 5.33202962
 5.30666106 5.48700175 4.92029311 4.9722181  4.8722328  4.43348466
 4.93833733 5.08807245 4.89211691 4.76366474 5.08422728 5.51777386
 6.61212087 6.52876594 5.33160999 6.22812815 6.36532035 6.3348523
 6.35452535 4.62631646 5.80018624 6.4439846  6.33084431 6.01893184
 5.99737893 5.96438059 4.77442142 4.81539614 5.04656753 5.16968298
 5.01509352 4.49512787 4.79008931 4.89792346 4.91908265 5.21598477
 5.62011975 6.62516128 5.28657489 5.35044143 5.73728292 5.86898889
 5.78782132 5.81217479 5.13667638 6.92079075 6.80721814 6.64440426
 6.63218819 4.98312778 4.90112987 4.97920171 5.01365794 5.1583306
 5.26155761 5.5139072  5.60206621 6.49083172 6.30393707 5.6894334
 5.85321282 5.33045404 4.5852642  5.28093178 6.43045093 6.91663558
 6.92727425 6.89894134 6.84835862 6.26878439 5.26099435 5.38059307
 5.46722604 5.06503503 5.07313465 5.2675944  5.08980006 5.0754752
 5.3544874  5.02742778 6.32164032 6.147334   5.76185319 5.25027609
 4.91446158 5.51950964 6.52830993 6.69299175 6.35324704 6.27433365
 5.95394889 5.21008046 4.81880317 5.5142341  4.7853024  4.74281846
 5.19113846 5.82686867 5.70761994 5.20336159 5.26255193 5.34028565
 6.84528045 6.00317407 5.50894416 4.99367621 5.3508153  5.3505487
 5.7715863  4.9561183  4.64402991 5.55159954 5.58909122 5.02123459
 5.29895211 5.62656555 5.13890425 4.95410986 5.69035826 6.61658923
 6.08853828 5.84853265 5.62351627 5.18127506 5.10838343 5.76390757
 5.2711533  5.55924166 4.66267761 5.44095468 5.54748718 4.25476059
 5.43581953 5.80791691 5.97637085 6.19200437 5.32145408 5.518823
 6.12189792 6.90397716 6.08863096 6.32389145 6.1703084  5.82315725
 5.64868781 5.81786924 5.55742069 4.69025753 5.06377883 3.69975681
 5.75252805 5.82706672 6.05733308 6.03423709 6.34916256 6.56289415
 5.86617834 5.09490779 5.54869935 5.8234789  6.07685509 6.11320284
 5.55967914 5.04534345 4.45994674 4.43983377 5.71433217 5.76330726
 5.91210815 6.25472911 6.12851462 6.48284999 5.96974332 5.47614055
 5.57009923 5.45920216 5.50109719 5.60316162 5.43242455 4.82136908
 4.0377464  3.4038333  5.62830627 5.48942708 4.28135773 5.0589749
 5.87128434 6.40992556 5.60513    5.24844904 5.52016756 5.5881379
 5.47121225 5.35626461 4.86803028 3.34634045 5.35955149 5.04198225
 4.34663971 5.11181531 5.94142439 5.85427583 4.99199924 5.10848927
 5.310186   5.66919572 5.45005374 4.79525525 4.20449024 4.21381101
 3.44545231 5.95281987 5.77002714 4.60883665 5.98677894 6.12310818
 5.68956913 4.7965868  4.75327034 5.34265761 5.86801099 5.80204909
 5.58518611 5.52374828 4.56576313 4.53191311 4.56023918 6.06271578
 4.58143323 4.87313237 5.50457768 4.62038136 4.55243614 6.10848974
 5.52090069 5.69404609 5.71058946 5.08695624 4.93386017 4.56403408
 4.02414211 4.49275903 5.70894403 6.11350244 5.47742835 5.697447
 4.03669547]
[ 5.30675735  6.03996701  6.35933641  8.13554517  8.43754358  6.32509928
  8.33176081  7.71526836  7.74054094  7.55641119  7.0747768   7.51213406
  8.04038792  8.51597906  9.34237126  9.38590288  6.32832009  9.91293129
  9.66335599  9.65562467  9.33077921  7.67285305  7.82899916  8.90393992
 11.12398727 10.0248357   9.3166972   8.84951362  9.50047533 13.72860321
  8.19394391  8.60515163  8.97380541  9.48552576 11.2946377   7.51212847
  6.89891427 10.76867862 12.01269007  9.21139768  8.52377935  9.30140877
  7.42098072  5.14753241 10.78213983 12.31875398 11.69963293 11.42319049
 10.73756564  8.00563389  5.94740878 10.51351295 10.69384507 11.39046239
 10.71968799  6.58591777  5.98176048  5.4443024  10.54250965 10.25783506
 10.57244175  9.78632498  9.7966915  10.73130748 13.99969286  8.12005349
  7.85234965  7.93653756 10.65311077  9.32872057  9.18583826  9.39445532
 10.98538628 12.16473047 12.00052562 10.85069314 10.60199151  8.830535
  8.51851344  8.92219552  9.58620652  9.91853751 10.84185364  8.51297815
  8.64263054  9.65679661  9.34515352  8.83606071  9.06252807 10.29249864
  8.10871158  8.17062111  9.65410653  9.52699525  8.39117368  9.57820792
  8.16301106  8.05720614  8.15479487  9.97098126 10.18633339  7.78119543
  7.04799882  8.22793987  8.02789214  8.00623407 11.26570535  9.43970467
  7.83964053  6.87954788  9.74231663  8.36344086  8.06773993  8.85328021
 10.04507955  9.77707917  8.94930451  8.09015498  6.77776386  7.93155169
  7.89684968 10.78762722  8.79971397  7.06514141  7.62809351  7.55038386
  7.73059786  8.33329424  9.43344482 10.31437678 10.55255657  7.58501992
  7.04049083  7.28803704  7.43811386  7.60100086  8.63055487  7.72320617
  6.23305948  7.89556524  7.31982587  7.31075526  7.15787436  7.27041538
  8.40197569  9.56217976  5.91687221  8.24030879  7.52148948  7.36359923
  7.79718959  8.22766118  6.00145994  7.17013841  7.46782322  7.70676509
  8.09586521 10.10943706  9.22067511  6.12498874  7.20656988  7.23228732
  7.509831    8.1795702   8.24637665 10.02906531  6.49205355  7.13282028
  7.9278557   8.18922129  8.84846344  8.76272056  7.85732131  7.86190867
 10.38949593  9.61108795  9.28614928  7.9159729   6.1607761   7.82679972
  7.96730018  8.71635226 11.28451229  9.2830162   7.6886944   6.82240499
  7.90099657  7.89312307  7.79231586  7.85578808  9.34022278 10.1646086
  9.39863696 10.0776843   8.36501512  9.2546529   9.52291175  9.31080455
  9.17956565  9.37661501  9.80361153  7.40981314  7.40679837  8.09475113
  7.57126875  7.3055404   9.72976268  8.41971138  6.60319821  5.78565159
  6.20252494  6.82315086  6.52198907  6.22558226  6.26592799  6.88011598
 11.71848378  7.45296258 12.04331107 12.20995672 13.55808227 12.9110428
 11.65499824 10.2429276   9.88213639  9.62059273 10.05289253  6.94858645
  5.9409285   6.45218774  6.78883816  6.37511752  5.94450241  6.11315031
  9.55926342  9.00806321  7.66800249  7.89872055  8.38816003  9.03431227
  9.65072455  8.09210308  8.1753198   8.22389913  8.50310253  8.52499384
  7.22539213  6.24856285  6.65153647  6.92170013  6.41680597  5.92809006
  5.96826149  8.64076794 10.66339245 10.38144589 10.5335969   9.89330805
  8.6986512   9.21787821  7.47517834  8.46014455  9.09514359  8.42401152
  7.8629392   7.92480074  7.8035647   8.2346985   8.28656299  7.4990815
  6.56589204  7.04401067  6.80700449  6.36478374  6.3715912   6.20963419
 10.96024013  9.55725537  8.56169621  9.33500198  8.84831584 10.62344282
 10.31598077  7.33727849  7.63106596  9.59502766  9.7150445   9.13052206
  8.48282284  8.30396165  7.90913969  7.84232161  8.35854188  8.28427196
  8.04949768  6.96182638  6.24966731  6.71085972  6.85800765  6.24408521
  6.43946212 10.80604428  8.3259101   8.32624777  8.87520849  9.16604239
  8.85984911  9.36367792  7.42049056  9.88904208 11.02474011 10.89210972
 10.49511724  7.89947596  7.99257428  8.18936254  6.18329418  5.88341464
  6.32455145  6.16766907  6.13679984 10.89324625 11.04588884  8.92490144
  9.00173401  9.7312382   9.57749121  7.68922249  8.82183849 10.6418273
 11.88535048 11.97238948 10.61983962  8.58941635  7.9501284   9.41008251
 10.33207184  8.40598169  6.88822107  7.30616991  7.26428322  6.9026555
 11.30037336  9.67101619 10.58732409  9.41148838  9.10865853 10.34108183
 10.28260672  8.18537422  9.15488755  9.89013505  9.54282331  9.22460495
  7.63883252  7.42262406  7.94771591 10.33997169  8.93758218  9.58181277
 10.54286741 10.95629113 10.30758287  9.7021323  10.8557633   8.50964287
 13.00734425  8.34101192  9.77679565  8.41005889  8.05865505  8.0793619
  8.68734949  7.09205406  7.68982158  9.18147049 10.00989138  9.74902707
  9.72928924  9.48978234  9.13993913  8.41299581  8.98199157 13.03175846
 11.81983824 11.45232176  9.80419461  8.64704773  7.89728002  8.28078337
  8.02770737  7.25744508  7.68350973  9.03061091  9.85413722  8.72547928
  9.76147842 10.24634471  9.9236813   9.38741131  8.484751    9.02499954
 10.19339702 10.72568979 11.36835365 12.30985929  9.91060963  8.73241485
  8.45849035  7.96797645  7.79905638  7.09603081  8.43433706  7.83464614
 10.04751268 10.08755971  9.15162007  9.50232566 10.97608699 12.37261326
  9.72802128 13.3257797   8.63333048  8.73564834  8.59476702  8.17464252
  7.2845088   7.17476922  7.2896462   7.71093215  9.5993784  10.04649639
  9.56781538  9.13971651  9.54359481 10.80507564  9.57335166 10.18380941
  9.45131891  8.84696877  8.64330896  8.59470652  7.30187374  7.04478521
  7.07236235  7.17084189  9.56257255  8.61973778  7.17967948  8.16461949
  8.93974647  9.45111717  8.52655056 10.93670225  9.51510822  9.37451013
  8.96599153  8.44731314  7.26389223  7.21397012  8.39028352  7.97048777
  6.71035037  7.52919838  8.18949573  7.94561964 16.91977542 10.36481416
  9.51424194  9.89629269  9.29242786  7.40934422  7.31923696  7.41714504
  7.20761869  8.39977357  7.94267203  6.68686674  8.17541872  8.06300612
  7.77748534 16.78479791  9.60281095  9.0635434   9.95643989  9.93797603
  9.08051461  8.6051614   7.79712089  7.63911649  7.29820381  8.15721063
  6.64769123  7.54297918  7.69841725 15.75998048  9.01821079  8.95256839
  8.72862132  8.37643756  8.25259628  8.39719259  7.9868899   6.95172153
  6.79426175 13.28976682  8.99812206  8.48616946  8.06756169  8.18859515
  6.655299  ]
