[13.52417179 14.04499679 14.37791313 15.5158255  12.06844814 12.72932743
 12.37420025 15.45771969 14.12746144 12.53415271 12.74523651  9.70978353
  9.63912815 13.03273832 16.60539764  9.38622534 11.32933682 14.94718364
 14.11143436 15.39530548 13.27756855 14.31996029 14.97959002 13.72508179
 12.75794497 11.69751359 13.20873196 12.97246035 13.04181905 13.17017405
 13.31042105 13.62790596 13.79595059 13.79200038 13.65602884 13.74781488
 13.79811781 13.6004937  13.64023178 13.345885   13.28178523 13.46861866
 11.04519533 11.66014161 14.05700764 14.06562624 14.00041884 13.76618105
 13.60452046 13.49027928 13.53221564 13.56243072 13.67096316 13.30687358
 12.89044098 12.78206663 12.76012311 12.92456821 12.89785629 12.90890229
 14.47141905 12.05087309 11.97468783 12.08627825 14.37806597 14.29613905
 14.36201564 14.73372012 14.58771502 14.503688   14.55443439 14.49452864
 14.18022168 14.22755692 13.52202554 12.98538721 12.86038724 13.01537985
 13.07302877 12.83911382 14.64312305 12.59382557 14.35162732 14.60125821
 14.77563707 15.00017187 15.14378082 14.21481547 14.4467239  13.83693917
 13.30872091 13.26794141 13.74908547 13.26395498 14.22446558 12.51820087
 13.49921858 13.49744066 13.75865217 13.83787018 14.04668962 14.49253813
 15.06908173 14.92240475 14.23651692 13.74700483 14.12805013 14.07441792
 13.68858408 13.8633192  13.95400969 13.35605855 12.81132237 13.02153457
 13.49044426 12.12133577 12.07322545 12.84250211 13.08909688 13.13555209
 13.19918209 13.34867933 13.24980218 13.26647136 13.4540795  13.94588436
 13.96826836 13.65964749 13.27744627 13.25875522 13.48566967 13.69813178
 13.53334858 13.41416883 13.36269596 13.08356537 13.36699107 13.8004365
 12.57457546 12.52706656 13.34774458 12.98716642 13.08697543 13.35781766
 12.97728942 12.8591221  13.37594161 13.04269118 13.19343407 13.06155592
 12.79186167 12.91107486 13.10729291 13.24692571 14.48451549 13.63977991
 13.74768689 14.30908491 12.92280178 13.02246923 13.1797453  13.29575398
 13.12287305 12.79866608 13.06605811 13.26325348 12.9576177  13.02421862
 12.92111925 12.71535498 12.84126711 13.25212098 13.35751312 16.41035004
 15.79249146 14.92261979 15.18468456 12.93500264 13.17806071 13.26719228
 13.11263314 12.81427446 12.94926117 13.1196565  13.26641051 12.976566
 12.86706556 13.05959019 13.02340513 12.9118087  12.69617994 12.92207355
 13.10059412 13.38790922 13.04765391 16.11092165 15.86450473 12.82064156
 12.9564601  12.98987617 12.92831525 12.9861988  13.00349583 12.85887438
 12.80373555 12.70885267 12.81365054 12.73347211 12.86546038 13.30356601
 13.05905785 12.95160992 13.4742442  12.95175005 12.78013381 12.78915989
 12.82149308 12.95123737 12.83351962 12.76874709 12.71819459 12.77835554
 12.63334584 12.64757008 12.71813442 12.82963902 13.2376328  14.46850861
 13.46970879 12.72908781 12.91813193 12.85579799 12.76387904 12.82308298
 12.76769098 12.58719124 12.97125339 15.33866307 14.36168258 12.93679728
 12.71512615 12.70997554 12.78418432 13.00907438 13.11466594 13.09383563
 13.04366827 13.10011136 13.1538445  13.15208294 15.58698457 14.93222281
 14.20148748 13.77812865 13.49152027 13.51147982 13.61157264 13.78086579
 13.79345859 13.72125925 13.76140788 13.4583727  13.22844071 13.58461758
 16.06729035 16.06585745 15.92978365 15.59884861 15.09729467 14.46804759
 14.53851039 14.54495299 14.4808553  14.03572066 13.8699168  13.86227408
 14.2878917  12.52370976 14.02725103 11.7507949  13.43367008 14.71133206
 16.83470121 13.63904317 14.19720676 17.96250917 14.95327356 12.83228146
 12.44391855 12.10272966 12.6881471  13.12341693 13.63083912 14.79980922
 12.50708814 12.84653329 12.68147864 17.05099876 14.68933044 12.3402699
 12.51609988 12.95615361 12.38032739 13.38410573 17.86020913 15.44245383
 12.81240823 12.87450111 13.58762752 13.45061577 12.78360764 12.69493687
 12.42770892 12.80274597 16.03637488 14.89496483 13.21581238 12.89189148
 11.80962591 14.88301661 13.06665334 12.84789427 12.83013213 12.62269628
 11.952865   12.01212812 13.52777823 14.73983638 12.9055608  12.61931639
 12.40415545 12.19518142 12.31155347 14.57534005 12.85428831 12.41044954
 12.31656061 12.27300001 14.2872073 ]
[10.72507561 10.25425347 10.89391247 10.59017258 15.48836102 13.88603395
 15.80809115 12.95955795 13.48161799  8.16281322  8.23164038  9.91098377
  9.4148876   9.06198852  9.21037158  9.65186855  8.6417487   9.13926439
  8.59760425 10.08202068 10.94803423 10.20774737 10.14245273 12.5408425
 12.69800327 12.58820856  9.37806282  9.42169126  9.42421825  9.6437066
  9.50830062  9.40890982  8.8699765   8.54389537  8.29613991  8.25175345
  8.43017631  9.06293396  9.27710602  9.52776484  9.49908269 13.66725768
 14.59563886 12.39243773  9.08017439  9.44418757  9.21958728  9.09426989
  8.75112658  8.92999938  9.14694051  9.25054324  9.71522896  9.73957654
  9.93625031  9.81710497 10.10921841 10.20842191  9.95931704  9.8760975
 11.0825213  14.07074379 14.20963589 13.16156389  8.02735072  8.08123857
  8.3746891   9.05681953  8.65028401  8.66808409  8.79044426  9.17473393
  9.32147226  9.40882138  9.46639121  9.96230841  9.81094437 10.03248958
 10.2214193  10.22876913 11.44373897 14.76259218  7.87140248  8.95205274
  9.1585912   9.38450048  9.46185829  9.46299902  9.28681329  9.41051894
 10.12152496 10.25686819 10.20539397 10.47163715 11.12009736 13.81265007
  8.871412    8.85578235  9.00445463  9.4750721   9.61975283  9.85305774
  9.96412655  9.67190047  9.77379202 10.23493224  9.43931773  9.28365475
  9.91559644 10.01093324 10.11915708 10.35030555 10.4673285  10.98902381
 13.56579701 15.26544326 15.04993122 12.13215109  9.65290714  9.31805198
  8.99911666  8.78970912  9.50281382  9.93096924  9.9501206   9.90403872
  9.71631522  9.9106025  10.50944337 10.58070184 10.01390974  9.51576035
  9.43352262  9.58301166  9.54666659  9.9650221  11.04511596 12.55830684
 13.33935543 12.6504081  10.80546007  8.91982557  8.46093341  8.19627118
  9.550593    9.95396193  9.47115957  9.97617543  9.15925225  9.28225943
  9.72714689  9.56662322 10.10676926 10.85678198 10.54309049 12.14861052
 11.62412113 10.3184432   9.47596499  8.83859591  8.50025627  8.4136957
  8.74645901  9.35919341  9.05670469  8.92368206  9.39334692  8.9094715
  9.29077786  9.74632193  9.44565619  9.9157528  10.38879603  8.10840266
  8.96289046 11.88840676 11.45979435  8.93847218  8.57001676  8.59108861
  8.95290794  9.63213716  9.13274133  8.81952755  8.78205627  9.09334997
  9.50588524  9.21402492  9.06144948  9.74931159  9.96006159  9.71844578
  9.15714731  8.84886615 10.08172101 11.44915467 11.54768315  9.28037516
  8.94023749  9.19363909  9.24063854  9.2466231   9.1600275   9.64616143
 10.02663509  9.86318765  9.82396964  9.65327678  9.71151146  9.07759209
  9.26091109  9.95012949 10.37476697  9.81679356  9.3238354   9.19947267
  9.29633175  9.42097478  9.73420347  9.81718996  9.96886317 10.05228924
 10.20797145  9.97126099 10.02187528  9.7927317  10.1099681  10.0584905
  9.73995498  9.20106428  9.45573066  9.94262391 10.2117682  10.07374581
 10.03895603 10.11124681 10.03754665  9.74540616  8.94193392  9.55219504
 10.13044963  9.96562991 10.00182757  9.99535443 10.08196333 10.14528945
 10.29529943 10.26636437 10.17263868 10.15062348  9.73920169  9.15191353
  9.04564198  9.13700137  9.84445188  9.64779225  9.64904596  9.71200518
  9.64408844  9.9730963  10.26329984 10.44532084 10.43048072  9.98014183
  7.846871    7.77953208  7.82776734  7.47693418  7.80293513  9.63522652
  9.42167785  9.57313768  9.53500644 10.04714272 10.49140063 10.51535065
  9.93511053  8.80630697 10.20892688 11.6296638  10.0143755  10.05701217
 12.28392254 13.3829357  12.64217103  8.96186048 13.66735625 16.31654361
 16.07796032 16.35379368 15.509555   13.8506714  10.71007086 14.12965288
 15.18603177 15.68219898 15.00576408 11.67861864 13.83062361 15.19400044
 15.714027   15.74245118 16.42220355 12.60608872 11.04395305 13.41086712
 13.76645994 13.54086255 12.40086858 14.92148584 13.68183028 14.18441433
 15.28477567 13.64464427  9.04012093 13.57294329 15.33454194 13.39235624
 14.00098408 13.9055818  16.28273109 15.33741772 15.2406157  14.79874676
 15.93629609 14.50460386 10.98488    14.93475997 17.0789343  16.637294
 15.75297641 16.13453132 11.60435224 15.05462473 17.23006556 17.36600179
 16.4807661  16.27359704 13.0965569 ]
[10.1320573  10.52833305 12.5099086  12.10052692 11.51238891 11.24971439
 12.12339045 11.23742148 12.34941367  8.7259379   7.7937179   9.04352271
  8.6786057   9.11218514  9.25628277  9.12119334  8.61885187  9.13246474
  8.20609878  8.07069421  8.83988839  8.34852666  8.1078745   9.94160849
  9.28995746  8.8153248  10.66001521 10.59308641 10.60489771 10.39916333
  9.99061346  9.83178571  9.88426403  9.97695121  9.87702691  9.7065557
  9.7060442   9.43380401  9.4804825   9.65240435  8.99058451 10.03400638
  9.92158782  9.3561162  11.02084923 10.9762822  10.95523535 10.78492537
 10.73309991 10.56773911 10.67023127 10.56933474 10.85365503 11.13449297
 11.14510654 11.20220462 11.1716897  10.78977198 10.87883706 10.79370468
  9.33890793  9.8497503  10.29508088 10.14640707 10.58030758 10.80323509
 10.62888274 10.43563253 10.3815773  10.27972976 10.26533065 10.20991545
 10.14693483 10.28654988 10.60449026 10.77645466 10.84166062 10.86406247
 10.83759072 11.1278372   9.36247315 10.77675985 10.35427058 10.5917328
 10.14628061 10.06285797 10.14198313 10.11627782 10.15779586 10.46081599
 10.50835884 10.51282873 10.42163363 10.75136499  9.43792157 10.17405657
 11.30609676 11.26894871 11.25562515 10.60689329 10.34187561 10.14851306
 10.17650468 10.15398734 10.23829794 10.54255485 10.09283052 10.18395159
 10.48759185 10.45813929 10.34474733 10.78503971 10.93986608 10.98770344
 10.14677058 10.90706959 10.37743116  9.58928787 11.39764763 11.18683731
 11.04497253 10.77024977 10.68429665 10.6293675  10.44375311 10.23027138
 10.23910263 10.58762563 10.94412124 11.03030831 10.64328865 10.67479179
 10.65629721 10.73598491 10.58426923 10.84208386 10.85814882  9.96213126
 10.28753072  9.66714591  9.56164492 11.06100265 10.86188283 10.61422571
 10.6432905  10.80155178 10.13307944 10.8146889  10.33851839 10.72796138
 10.96177809 10.68871301 10.905579   11.21985079  9.79075764 11.29275983
 10.76735685 10.13684461 10.93913312 10.79184873 10.68885488 10.56288728
 10.62722923 10.73540004 10.26439678 10.07971063 10.24442909 10.21043626
 10.4226627  10.7112553  10.67136452 10.88947737 10.83251741  8.12656273
  8.9994485  11.45220442 10.98992892 10.60076707 10.58678852 10.64976786
 10.66537562 11.3538291  11.04647188 10.46787613 10.20893468 10.35230668
 10.82743    10.49764642 10.15991959 10.48298414 10.73595948 10.70320531
 10.44515969 10.31527387 10.74325431 11.0016392  11.11405341 10.51219682
 10.67462333 11.04789286 10.80581404 10.69536217 10.51657333 10.66116754
 10.95736212 10.87418498 10.57538593 10.7387063  10.96699154 10.41814025
 10.41377233 10.7123648  10.24544843 10.39856729 10.48593321 10.74265674
 10.67634056 11.04496843 11.07689565 11.06985133 11.12585494 11.26844216
 10.91507793 10.86998723 10.97525477 10.74745528 10.42707914  9.99805187
 10.29333295 10.74289071 11.1806283  11.11715759 10.90108119 11.05992616
 10.9567507  10.79529206 10.86035708 10.26877459 10.15884364 10.72447982
 10.79165058 10.96402836 11.200618   11.60504116 11.72544521 11.32607572
 11.15326356 11.18689425 11.37521047 11.35188244 10.81217618 10.74847411
 10.47521898 10.23450044 10.30684855 10.44163741 10.7209165  10.9499726
 10.9327513  10.67835298 10.99194661 11.08428978 10.71617176 10.43910274
 10.80792751 11.07467815 10.85853079 10.32069182 10.16118575 10.00749343
 10.16418727 10.50859133 10.47302515 10.38573722 10.23922346 10.33477989
  9.97221074  9.06941925  9.7287851   9.47332042  9.68896136 10.26421205
  9.93936961 10.22173748 10.3265286   7.94580854 11.75624745 12.5956412
 12.39592547 12.2403045  12.12847957 11.36621431 10.81912397 12.26838777
 12.32403642 12.53853467 11.78412281  8.62696743 12.36406687 12.64135796
 12.96616383 12.56447298 12.78959866 10.39955212  8.56889366 12.56610232
 11.61428608 11.5089493  10.24559752 12.53130193 11.55539918 11.57254852
 11.99282324 10.59669517  9.18536706 12.32809642 12.44186554 11.26279918
 10.28558099 11.88712706 12.51721206 12.05579669 11.96809701 11.59973706
 12.28296596 11.42502137 10.98975908 12.53454663 13.03405226 12.72240087
 11.91215663 12.2383486  11.68566078 13.05663227 13.39354751 13.27874869
 12.49936749 12.23915005 10.98502536]
[10.06295037  9.80328686 12.6212992  12.70123804  9.79243146 10.5691057
 11.99127924 21.89636907 14.23023152  9.23461383 10.24172048 10.26177011
  9.85404122 11.30185827 10.60354677  9.25453769 10.09356852 10.46782156
 10.21570358  8.77339807  9.92933527 10.19760702  9.45302506 10.70985857
 10.91297745 10.34611911  8.72608029  8.84313008  8.84744776  8.55692528
  8.13912636  7.8476084   7.99002555  8.26947995  8.37771118  8.30696313
  8.31930789  8.35289381  8.35552691  8.69280668  8.51448779 10.74594979
 10.82918157 10.02126809  8.88949312  8.84526469  8.91677984  8.93992953
  8.98109851  8.85899262  8.79946954  8.69285477  8.63766421  9.03041293
  9.23451934  9.38716416  9.23043404  8.93064265  9.11245605  9.15600214
 10.06326722 10.50902898 10.4413999  10.0834253   8.76144476  8.8771963
  8.77223324  8.51958183  8.49818238  8.49073465  8.51113981  8.43263995
  8.4118679   8.3049209   8.77825856  9.00225197  9.2718225   9.08586517
  9.00225284  9.37017375  9.95185785 10.32243557  8.68035588  8.65252539
  8.44631321  8.4084326   8.36026572  8.39646231  8.39444312  8.63484945
  8.66918164  8.75495847  8.62140481  8.81863331 10.2999061  10.34393132
  9.00453413  9.04017025  8.93354643  8.6134503   8.50144098  8.40609168
  8.37330506  8.32826149  8.39933522  8.57654851  8.45431591  8.48933511
  8.61173148  8.49761807  8.41479825  8.80723001  9.17079988  9.03655534
 10.35147666 10.92890707 10.34965219  9.57635289  9.25393134  9.11262947
  9.15036925  8.93666565  8.8588117   8.80788325  8.68406489  8.42905768
  8.33785006  8.52027941  8.75735231  8.80621309  8.65248166  8.67476056
  8.78218198  8.81419102  8.75197561  9.02713961  8.76196753 10.03670349
 10.54741593 10.16080606  9.72230703  9.27668829  9.36033325  9.08190344
  8.96720324  9.08401304  8.5379054   8.94847777  8.88688769  9.0759561
  9.18293402  8.9727509   8.99450374  9.00123089  9.42334814 10.50240242
  9.98516441  9.51343414  9.24969675  9.23636753  9.25749383  9.14673979
  9.14370192  9.20650761  8.82231919  8.73167916  8.89715774  8.94747369
  9.03585109  9.12375896  9.1021546   8.91284142  8.84656658  9.65284397
  8.63516967 10.30513146  9.878603    9.1507644   9.16319321  9.13862909
  9.08889359  9.4443919   9.3441302   9.01445135  8.88505887  9.04684956
  9.26000403  9.03397624  8.92306459  9.0660805   9.12265997  8.96897225
  8.79233505  8.71624771  9.04702754  9.48127279  9.68092149  9.05673509
  9.20072957  9.32268211  9.15865577  8.99888081  8.99484222  9.14466841
  9.32267502  9.30142251  9.16923939  9.14645652  9.13487248  8.81102814
  8.90465916  9.17873638  8.59000925  8.89679185  9.15286449  9.33509726
  9.16112862  9.16129982  9.20601152  9.28617865  9.42624623  9.49954994
  9.2935401   9.2771702   9.2488357   9.05941123  8.83355101  8.2575836
  8.62648196  9.36988877  9.36685599  9.29040128  9.19805939  9.20752403
  9.20380884  9.36571643  9.12107464  8.29442341  8.44272859  8.99167537
  9.09105204  9.20743498  9.32562991  9.42373607  9.46187917  9.20313883
  9.08291205  9.00992954  9.08794349  9.07737047  8.59915405  8.69705361
  8.63918486  8.55638203  8.68328085  8.75349285  8.84473466  8.84834184
  8.87842975  8.6703247   8.67683056  8.69743368  8.79024424  8.72647239
  8.7839727   8.94016184  8.88039754  8.6959893   8.31578304  8.29058404
  8.38761579  8.49573208  8.42977159  8.42087025  8.35502884  8.46548047
  8.22938815  9.32746254  8.49492593 10.55660106 10.47072258 10.06207076
  8.06460499 10.4139787  11.29699405  8.66849514  9.96974949 10.80882047
 11.06212593 11.98967205 12.3604318  11.78698948 10.4625478  10.2874035
 11.54256513 12.31566139 12.07196225  8.54887124 10.49942876 11.71399415
 12.46093989 12.13138379 12.44099193 10.55236074  8.47242854 10.8213523
 10.86216531 11.33659492 10.19117671 11.22890642 11.11800829 11.70705082
 11.91292883 10.43951645 10.4253724  11.40123156 11.63566477 10.90003499
 10.16977216 11.22128289 11.90898002 11.4637763  11.45632509 11.42968976
 11.9965763  10.55439565 12.16377451 12.0010409  12.4191498  11.97937216
 11.57302302 11.9548739  12.35155044 12.08084806 12.6513176  13.01797472
 12.40204704 12.14851337  9.94688299]
[6.58705423 5.63731322 4.657219   4.74340925 6.07277053 5.27121303
 6.64713119 6.46748741 6.1159131  5.01530438 4.77988418 5.00666476
 3.76522976 3.58761923 3.46471257 4.68751109 3.51008605 3.11276891
 3.69546876 3.63714781 5.27221596 4.44686923 3.62261564 4.93256631
 4.5945155  4.51336321 3.41170974 3.03121744 3.16759863 4.24663504
 5.60347255 6.2612809  6.66876734 7.22252165 7.73469384 7.19356451
 6.37566946 5.50807141 4.60397709 3.9379529  4.32387259 4.58359072
 3.95232026 3.31287567 2.77074548 3.67786603 4.43808422 4.85896933
 4.38712088 4.03508322 4.29925615 4.16778736 3.90872973 5.82057467
 5.56538067 4.62567057 3.81131158 4.05903049 5.0378897  3.99906886
 5.63916793 4.22376156 4.37029798 3.79519905 2.84063377 3.03315169
 3.03590737 3.39680788 3.76203442 3.739778   3.70916253 3.65055807
 3.59980305 3.47768869 5.18411871 5.69772464 4.8499923  4.56441081
 5.00260795 3.77705862 5.706967   4.22027967 3.39018656 3.34001237
 3.30416307 3.09071809 2.52759536 3.63171552 3.45421126 3.94385155
 4.53754384 4.04883857 4.21703981 3.53621977 5.04130436 3.69915407
 3.5912769  3.28345456 3.38555082 4.04609938 4.25738269 3.70300468
 2.74832991 2.75786615 3.16270271 3.11020887 3.43930658 3.96091632
 3.64204098 3.62096672 3.71539804 3.81591647 3.2845789  3.59569767
 5.50243651 5.19110109 4.81683972 4.84699434 4.15734356 4.4571181
 3.4362613  3.42680401 4.07378379 4.34468253 4.52606179 4.03021033
 4.1108252  4.44480414 3.76748412 4.04465743 3.68144912 4.06017288
 4.32467108 5.01827841 4.98939558 4.48712512 3.09161072 5.36999923
 5.25598105 4.97825928 5.39067524 3.87930402 3.56860227 3.16233485
 4.01241499 3.86804592 4.04365981 4.65802851 4.70254911 5.77359135
 5.1220948  4.6674552  4.01752091 3.34639943 4.84163701 4.15167753
 3.36081223 4.5020963  4.5647756  3.46299585 3.22340117 2.86263007
 3.25162942 3.94271824 4.02155933 3.60949209 3.76202043 3.71270971
 4.09311059 5.07594367 4.51996906 4.1599579  3.34144244 6.32504065
 4.82348704 3.72277497 4.88987336 3.52010566 3.39719733 3.0660084
 3.24000527 3.286275   3.37641613 3.47639774 3.20420462 3.65142007
 3.46554272 3.26913644 3.4357803  3.6003023  4.92540839 4.35320513
 3.54539118 3.01053831 4.45026309 4.83865006 5.62985739 3.7072016
 3.29617356 2.98254671 2.91332761 3.65133879 3.82654468 3.98416041
 3.62329172 3.39955136 3.57071819 5.23486282 4.94548327 2.59814238
 2.87032928 4.14058533 4.23137449 5.02107935 4.48383971 3.28776338
 3.31248165 3.32049199 4.15939024 4.67330992 4.12295118 3.38443392
 3.60233867 3.89493641 4.65889311 4.65800892 4.49333712 3.67761929
 3.84188665 3.25109401 3.3257025  4.51134499 4.96991516 3.51238105
 3.19610712 3.46231    4.38173599 2.92265807 3.15037792 4.55113006
 4.95896908 4.29520615 4.01433111 3.44047769 3.46856664 4.21320426
 4.21933857 3.38851844 2.81529292 2.60296338 3.41210272 3.92216337
 4.71041441 4.42114615 5.07082814 4.97408231 4.62125552 3.97587766
 3.16025368 3.57637327 3.08928755 2.70023215 3.09624915 3.93466503
 4.01609823 3.55971059 3.69779804 3.2280599  4.03546436 3.29058332
 3.48422503 3.16305764 3.29571101 3.87966385 3.4542296  3.65985922
 3.15568018 4.70905885 5.22634526 4.79583287 4.84263534 5.20569509
 4.76888779 6.16935073 5.23912388 4.20581149 4.61974012 4.12702794
 4.05326875 5.02702793 4.97007866 5.16940696 4.27571981 5.85109859
 4.17279431 5.04735404 4.75811424 4.76740967 5.42789467 4.19018221
 5.02386102 4.52976001 3.99276262 5.34888717 5.08547047 5.2479634
 5.27180793 4.82661323 5.10631515 4.12669182 4.25872004 4.31905368
 3.63656635 5.36233756 5.1510816  5.47286954 5.18893573 4.54794154
 4.81175354 5.67399529 5.07096721 4.30925877 4.34515214 4.31875477
 4.00253305 4.68608047 5.30638238 5.99470344 4.11395407 4.28149577
 3.59681679 4.36988354 4.80741837 6.21923849 4.32727369 4.44947885
 3.58216727 4.58632978 6.21048359]
[ 9.22284775  5.39544554  5.03803876  4.85535282 10.07749018  7.98240462
 10.59392877  8.79619669 10.74984836  5.50163317  7.54760539  5.57007755
  6.7367242   8.84700521 10.12058307  5.88865024  7.07369763  9.17635032
  8.00352763 10.75687643  6.59280166  7.95905609  9.42855841  5.69811601
  6.69759799  7.50889685  5.70837591  4.4010119   4.43336461  4.61079074
  4.68392751  4.55373071  4.84227937  5.07774529  5.14141739  5.20779506
  5.23488268  4.99606471  4.41066183  4.28325605  4.37774686  5.44765864
  6.26171403  5.51460301  5.98220036  5.73599002  5.38593543  5.05354601
  5.08329004  5.01886972  5.31696982  4.96522422  5.01851799  5.1535121
  4.87020736  5.14057081  4.93166828  4.31193247  4.50809223  4.62228934
  4.94527703  5.62161754  5.42608614  5.05339616  6.13331519  6.16451362
  5.86460514  5.24501643  5.15216338  5.17345443  5.34283874  5.40026749
  5.01230804  5.00518914  5.11366929  4.84117295  5.11963289  4.83111161
  4.71895546  4.65034483  5.28274846  5.90980519  5.63543824  5.26300432
  4.8809947   4.88098602  5.17988479  4.88087476  5.14253104  5.30567964
  4.68722839  4.77402304  4.722517    4.66374854  5.11216422  5.60458628
  6.04958517  5.9713314   5.92432938  5.01628599  4.66356238  4.61624943
  4.81366554  4.78682992  4.61105426  4.67564689  4.88418549  5.09985674
  5.07622963  4.67274632  4.67379967  4.63946575  4.67288303  4.7172983
  6.11193231  6.50351442  5.97525046  5.0922491   5.63565665  5.5246761
  5.71727079  5.36352147  4.799274    4.52594614  4.57715521  4.62659688
  4.56076886  4.62449771  4.68619577  4.71917771  4.73880112  5.14838374
  5.42822067  5.34861545  4.94336587  4.83296977  4.71682959  5.59040269
  5.35830498  5.28877916  4.83313675  5.72029265  6.03116949  5.78308168
  4.60419577  4.77133131  4.4996204   4.50211228  4.81924391  4.84294678
  4.81457187  4.63213532  4.68085372  4.64249907  5.38300428  5.23040115
  4.84734481  4.67679347  5.39934248  5.65241041  6.00682692  5.73239276
  5.29611155  5.20661918  4.70901712  4.54769916  4.36543888  4.73825037
  4.34176925  4.43345253  4.39033836  4.49780784  4.43496692  4.67569524
  5.12770264  4.83608393  4.99045911  5.41549642  5.70314712  5.7778209
  4.97035028  5.61829516  5.71535355  4.75898605  4.47664738  4.40292756
  4.59191379  4.72950121  4.60248916  4.25848991  4.37920052  4.27854325
  4.47599856  4.57262424  4.4989092   5.27792842  5.36555869  5.13472941
  5.67533003  6.07005884  5.30351388  4.71027142  4.53612403  4.36794554
  4.49327465  4.79857003  4.38921678  4.68120651  4.69691355  4.35821297
  4.32309812  4.40821068  4.80113508  4.61842637  4.80640608  5.43187234
  5.0605529   5.32124194  5.03675395  5.17588787  5.20614237  5.31313956
  4.87822307  4.61701298  4.69814368  4.52645044  4.47172831  4.99989102
  4.96110444  5.44225415  5.79272195  5.67565064  5.1236215   5.44349621
  5.17909016  4.51904628  4.61421495  5.63867907  5.6580153   4.9627702
  4.74684406  5.31893043  5.61563114  6.28529387  6.73281956  6.12525153
  5.77087485  5.71779575  6.07520467  6.12610178  6.82011387  6.91417627
  6.0531469   5.29422171  4.98021736  5.1478993   5.35826742  5.64842488
  6.08906282  5.377922    5.29710657  5.26341017  4.64658189  4.81453735
  7.502978    7.4314536   6.73671434  5.40376587  5.31438028  5.26599875
  5.45974673  5.38563715  5.33635822  4.9462567   4.72486624  4.74329004
  4.6022663   5.66109956  5.74600168  5.31347753  5.06330941  5.26130935
  5.43917991  5.00322457  4.95646398  4.86034445  6.18262998  6.56327761
  6.42279392  5.77868241  5.43766243  5.10184225  5.13381568  6.0660179
  6.0631624   5.72485494  5.35069839  4.89701421  5.84570552  6.21149207
  5.94810366  6.13567041  6.19366389  5.50879848  4.31001799  5.89208299
  5.95141639  5.34919013  5.24128066  5.78093019  5.44493694  5.21371763
  5.53847016  5.32662021  4.45164231  5.21781636  5.61634471  5.1828695
  5.29381117  5.2410413   5.6934249   5.40065488  5.31610931  5.50294167
  6.11643797  5.82462104  4.85747768  5.79429732  6.2162044   5.86375624
  5.82880379  6.17461457  4.66215937  6.05221554  6.56790833  6.19224669
  6.02888843  6.06510191  6.02786927]
[22.39121097 24.83631436 23.74127644 24.48074975 23.75900092 31.43246012
 38.49599602 40.7167191  54.38419617 19.31526876 22.94738799 14.77700437
 17.19234994 24.45053117 17.12813576 16.49162139 21.61484504 22.76305944
 20.09913905 10.88782232 16.65717006 14.91250219 11.70441363 11.40574193
 10.89084381  9.06992082  7.96346866  8.14152646  8.09217779  8.08539322
  7.94687801  7.9218019   7.93862207  8.00070589  7.91312579  7.7716621
  7.64605514  7.44224118  7.62315809  7.85540401  7.50739741  8.83196633
  8.13566507  6.7759654   7.86936278  7.86373203  7.87356982  7.92693999
  7.97928313  7.93518101  7.94758314  7.9762414   7.98730466  8.12582341
  8.17400998  8.22471484  8.14215818  8.11246266  8.19828242  8.2260165
  6.70070879  6.92227367  6.81743528  6.46939     7.79962361  7.83366522
  7.82310969  7.78680035  7.79053668  7.76410276  7.76215233  7.7692166
  7.80785272  7.8215676   7.94914969  8.05743202  8.16173764  8.06869561
  8.00436736  8.35248152  5.66833264  6.5397289   7.78929079  7.8377073
  7.8102374   7.77267473  7.75025654  7.80163406  7.80124034  7.8343317
  7.90637613  7.91628837  7.79175862  7.8722577   5.74538225  6.39709186
  7.98407272  7.98006455  7.97112321  7.88459093  7.87854889  7.82159856
  7.80399399  7.78302412  7.85606845  7.94306376  7.8684212   7.78418432
  7.88745144  7.90936808  7.79531543  7.89041842  8.11111619  8.13988267
  6.11552302  6.87873052  6.57672437  5.7002235   8.13459898  8.11028246
  8.08772868  8.02149752  8.0125742   8.00193527  7.9390655   7.84680378
  7.82005445  7.91539743  8.00951226  8.02491195  7.96264521  7.9008405
  7.95989612  8.00950175  8.03080328  7.96678801  7.95940161  5.95979826
  6.29310648  5.86132959  5.8641495   8.21967902  8.23687616  8.14246668
  8.09905052  8.10260221  7.88661828  8.02469608  8.0313856   8.19574833
  8.24432991  8.10408634  8.00130343  7.9542772   5.47151168  6.31301358
  5.94959762  6.22724032  8.18670477  8.25534195  8.30997099  8.28647659
  8.27777224  8.14158451  8.0396995   7.98580014  8.03602906  8.10415285
  8.22273195  8.21980191  8.2270103   8.03130512  8.07216919  7.21777142
  5.8889488   6.78510325  6.83175378  8.20426455  8.23521877  8.29141782
  8.28760477  8.32344004  8.26947916  8.18428287  8.12199715  8.12501485
  8.16585245  8.06054197  8.07435431  8.19581699  8.16527237  8.14766833
  8.14920697  8.19545411  8.21981502  7.19995187  7.37626642  8.09131675
  8.1802442   8.28198421  8.20203107  8.20797576  8.15574067  8.14307928
  8.18926753  8.09469627  8.16363828  8.12333778  8.18879494  8.29537186
  8.25426052  8.34876014  7.64791188  7.92316797  8.06093094  8.18643891
  8.17382135  8.25358312  8.24616316  8.24509705  8.20039194  8.21148343
  8.0619951   8.116697    8.14527305  8.14182304  8.07400106  7.46506307
  7.67865146  8.18525395  8.24024772  8.14360348  8.03377536  7.96004259
  7.95531345  8.10707286  8.07029126  7.47656975  7.51519656  7.89952167
  8.01651179  8.07059139  8.10192585  8.11791418  8.10786826  8.02659565
  7.9248315   7.88334116  7.90003987  7.8709441   7.46526631  7.52030666
  7.57849544  7.57407659  7.68894524  7.74515433  7.81950101  7.85611151
  7.83081877  7.73320847  7.79222029  7.8106938   7.79381349  7.71290822
  7.43280704  7.48052798  7.50733133  7.50807841  7.56099563  7.46001489
  7.4490443   7.5682355   7.57551152  7.61075863  7.58145338  7.60916689
  7.53538732 13.65358175 12.79002634 13.41037604 12.77518036 11.21338581
  8.40224831  7.78129573  9.06579718 13.63596502 11.75436496  9.69342008
  9.23079101 10.57936396 11.45913446 11.29005801 10.6458205  11.67509554
 11.08719402 11.77480405 11.13558382 11.91986979 12.31053748 12.11764036
 12.32442548 11.25317423 11.39798944  9.43731169 14.19871625 13.843014
 11.40434466 11.26384316  9.25273032 12.46823813 11.66349361 11.28081194
 11.21387681  9.68953586 16.8284171  13.2760321  11.74585352 10.78079767
  8.49873557 12.80332229 11.5868527  11.06615818 10.89663111 10.23187429
 10.3640004   8.14982263 15.42885379 12.82848151 11.81815171 11.53498966
 10.23665278 10.16373044 15.85103359 13.2156772  12.03034388 12.33492838
 11.06081657 10.4814273   7.77478973]
[11.34717137  9.75197509 11.47772431 11.60429969 10.73107297  9.45361672
  9.59207112 11.22863475 10.39219725  6.73129193  6.1631113   6.95735169
  6.26820546  6.87048587  7.50461185  6.75200274  6.51851517  7.08741
  7.0527513   6.83576414  6.77845707  6.90307931  6.86412221  6.81220504
  6.83061753  6.72862779  6.22073054  6.02369459  6.04436074  5.83795561
  5.61191711  5.51801631  5.67921926  5.64393223  5.50258601  5.35081601
  5.44850507  5.56468494  5.75608233  5.88675811  5.63094752  6.92624665
  7.59720407  6.81191503  6.80533763  6.71020721  6.60285203  6.33316795
  6.27940143  6.22614131  6.2755564   6.1737896   6.27029     6.32316571
  6.223192    6.29016168  6.27867416  6.13580151  6.13449791  6.11152715
  6.69439083  7.80060665  8.12084544  7.69898199  6.70977898  6.86918597
  6.74013498  6.4641698   6.39616212  6.43234669  6.51111742  6.42746961
  6.25130564  6.34578241  6.32842227  6.18155025  6.22767326  6.18035027
  6.22699117  6.19965347  7.11098428  8.02948837  6.58516765  6.56834185
  6.28352911  6.36351208  6.45614875  6.29242837  6.45770946  6.4540772
  6.15482052  6.19135614  6.33732014  6.21090181  6.83694957  7.92245505
  6.6630939   6.68426569  6.69894285  6.28314451  6.19544955  6.28864495
  6.50116703  6.42608208  6.1681729   6.21752435  6.27807002  6.36402185
  6.27863676  6.16575207  6.30365455  6.22131343  6.10629015  6.18404278
  7.28571914  8.19361589  8.46255824  7.08888419  6.40933034  6.34859456
  6.45776414  6.3357675   6.17878245  6.12996811  6.14223746  6.20799955
  6.19737706  6.14604483  6.17694323  6.20545081  6.17677866  6.36544122
  6.35463547  6.2935681   6.11443251  6.27697239  6.28243787  7.11225298
  7.88450762  7.66359563  6.46039751  6.39847973  6.51837387  6.4275309
  6.1501294   6.22148943  6.05773826  6.17977868  6.12856187  6.15852263
  6.16440644  6.13325304  6.25553787  6.37586724  6.27630581  7.35827698
  7.0228559   6.13998685  6.30369158  6.339125    6.44836881  6.40016397
  6.34786044  6.36397673  6.15154753  6.15485091  6.14684643  6.17110111
  6.05401465  6.09293902  6.13473852  6.29743407  6.26591963  5.88624127
  5.0652367   7.01253005  6.64020324  6.27739651  6.40241651  6.41749834
  6.25735009  6.51355012  6.49994078  6.20612904  6.1474699   6.19774729
  6.35651448  6.30357315  6.14368483  6.08503343  6.11027769  6.14062905
  6.15012083  6.10876027  6.19200374  6.01921595  6.50497115  6.23216237
  6.43335123  6.54384755  6.40043816  6.1574408   6.15064049  6.24309636
  6.33419973  6.38967571  6.12347906  6.17200728  6.23178845  6.06593006
  6.06679457  6.15463932  6.37481246  6.16229085  6.2688991   6.42566069
  6.31181513  6.34382654  6.27455801  6.30336099  6.42772915  6.50336692
  6.36232785  6.23479826  6.2502371   6.12870251  6.09786494  6.69293251
  6.37662725  6.44937775  6.50575167  6.44072277  6.3254977   6.46460864
  6.40727812  6.22290956  6.1644047   7.06611511  6.7504598   6.40004435
  6.26552519  6.41409176  6.55318856  6.82329952  6.98056134  6.69276325
  6.61696637  6.60921385  6.73180962  6.78953133  7.34903935  7.2287268
  6.711619    6.45887458  6.31052437  6.40887908  6.54685853  6.6771254
  6.809062    6.63537963  6.6355177   6.53276295  6.26424304  6.28333439
  7.58211363  7.71665823  7.54653518  7.20064002  6.6832477   6.52987103
  6.69921252  6.70607901  6.63640676  6.33828565  6.24391536  6.30944743
  6.33602805  7.41429314  7.64115871  7.75642013  8.19462752  8.26539022
  8.07670537  8.73507734  9.03235991  7.28621674  7.34090762  8.55715315
  8.8777226   9.18060626  9.38145468  9.35208413  9.53418867  7.862034
  8.94546756  9.29944532  8.79565607  7.52187515  7.85910746  8.95723892
  9.37311283  9.13652375  8.92954743  9.31157337  8.00777941  7.7955931
  9.21808783  9.51114002  9.14308845  8.65428334  9.21864726  9.18335509
  8.94945573  8.99736854  8.30281628  8.24192512  8.66399233  9.116837
  8.97239073  8.45489326  8.60522669  8.91441506  8.87206117  9.06424923
  9.08058646  8.45351208  8.22501158  8.55321943  8.8335727   9.15165248
  9.09421385  9.21964567  7.80230713  8.41716096  9.09445041  9.46268067
  9.03070657  9.07108181  7.32819285]
[14.3607942  16.26122163 16.37674963 15.74846137 13.24855839 14.78281286
 15.15513609 19.01509058 18.09623817 18.90745113 21.09661283 11.61629214
 11.37665945 19.91995553 42.62843037 11.05115967 13.00132784 26.08910336
 22.81245184 27.52647648 23.86583735 31.59011795 33.03778535 32.21452892
 31.9893637  27.83154809 14.30661017 14.03359138 14.00363334 14.01257049
 13.97259174 13.8138871  13.75202151 13.78164266 13.79627487 13.81533853
 13.82107072 14.09607157 14.10612525 14.38034799 14.4803615  26.75274414
 25.75037081 23.7629532  14.20271995 14.10845771 14.04928166 14.04733161
 14.13388935 14.13322513 14.09785971 14.03934106 13.87126413 14.01966572
 14.1422807  14.32066148 14.28917813 14.0057212  14.11696846 14.24920498
 28.11022612 26.35376275 26.29191196 24.59482112 14.09925642 14.16685865
 14.09005467 13.79474419 13.83273223 13.90928155 14.03462945 14.07080873
 14.02482729 13.83749494 13.95522498 14.08932382 14.24681593 14.07336828
 14.10253968 14.32297268 25.42680056 25.31953132 14.04184657 13.86440304
 13.76409067 13.70382089 13.80185482 13.93559307 13.95143966 14.00869341
 14.0342988  14.04743568 13.9350285  14.09651351 25.88088352 25.89621234
 14.24448017 14.20111077 14.1530931  13.91667333 13.88190725 13.67196831
 13.5937886  13.59491244 13.78698899 14.12308954 14.14563363 14.01226329
 13.96166057 13.89354416 13.89048378 13.97901262 14.33659693 14.36124073
 24.20877572 25.23229047 25.73116749 24.18339429 14.37364157 14.24658296
 14.2535915  14.14214794 14.07232135 14.0726782  14.02950882 13.80741818
 13.73389995 13.86669832 14.14420747 14.16780736 14.13343428 14.02878398
 14.17067857 14.18327806 14.20451965 14.09865011 14.21250504 24.15841216
 23.89054583 24.20389324 22.66335217 14.38927188 14.4379569  14.33443012
 14.27094606 14.36846014 14.03963881 14.05376414 14.13753987 14.20924439
 14.31542934 14.24675401 14.0608459  14.01662375 22.14535416 21.82578548
 21.61960732 20.89055344 14.40189062 14.43612439 14.52651623 14.48763642
 14.45243594 14.39939513 14.23753922 14.09446682 14.16351123 14.26286894
 14.26142456 14.2766834  14.20336182 14.00385412 14.07848656 26.64493286
 18.5316752  21.08160684 22.10972338 14.49810991 14.46154597 14.53674608
 14.38678484 14.35177433 14.29666626 14.15377092 14.04917795 14.10811535
 14.05246724 14.04929603 14.20162787 14.08254148 14.15499972 14.04176411
 14.13384437 14.20837956 14.32383401 20.12032752 23.08979218 14.47102876
 14.49875875 14.57759682 14.32627046 14.14758996 14.09375499 14.0142492
 14.02143898 14.12491817 14.07944867 14.21038956 14.11839524 14.20925791
 14.26788693 14.36626323 14.04404839 14.18506452 14.28675303 14.4631998
 14.30981307 14.28732942 14.27618292 14.3396973  14.26311383 14.23833999
 14.24188351 14.2164514  14.23738737 14.30231818 14.19555502 13.90774722
 14.08963641 14.43756716 14.40436125 14.34413868 14.24769728 14.33393522
 14.2615748  14.28218011 14.20030944 13.94823331 14.09720724 14.17389933
 14.22425007 14.43633601 14.50128657 14.43477402 14.46211495 14.38523789
 14.40501977 14.38982839 14.47513793 14.46882563 14.18582337 14.36895339
 14.21086826 14.11337351 14.12042399 14.18638776 14.15583667 14.03862822
 14.1435329  14.14047606 14.10774318 14.29441884 13.99081534 14.0617561
 14.08542661 14.1578124  14.03491776 13.91010704 13.69778456 14.17320996
 14.14480341 13.9464068  13.9389661  14.02718658 14.00831703 13.92631931
 13.74073564 10.67108167 12.93489229 12.42826801 13.96132632 19.32713992
 25.0788261  28.08991583 29.08995817 17.27960585 19.66857197 25.64996662
 26.74572993 27.6583385  28.93735342 29.51463428 34.17489718 21.37163242
 29.09180403 30.0596689  28.20417656 16.63114989 22.07291851 29.65919249
 30.54457314 30.28969431 28.38076474 31.62821824 15.67729508 21.75794623
 29.72032532 30.77393932 32.28373928 27.9460436  29.6971386  29.54385021
 28.74961819 30.83969356 12.68271475 19.62746842 29.14533008 30.76738592
 27.53908719 20.02604716 29.61490679 31.24801831 30.93217732 29.54934309
 27.72778771 25.79289834  9.57616015 21.03830043 29.97913906 30.75683565
 28.83521102 27.71161085  9.58575142 20.57213619 29.45038612 30.49529504
 29.05219583 27.44853821 25.59218817]
[ 9.3359323   8.62967799  8.8688428   8.62981652  9.91485292  8.84533198
  9.00895914 15.32583364 10.30563054 10.58128131 13.21860365 10.94008389
 14.39269632 16.60808209 16.77063756 11.1056453  13.98679339 16.45513045
 13.05727472 14.98844158 10.94730252 12.07198874 13.12574362 12.0359462
 11.87346707 11.87449847  9.4926177   9.32935752  9.37810203  9.57950294
  9.47134356  9.29769935  8.80346749  8.68080389  8.71063005  8.90592287
  9.00791448  9.31248522  9.32033976  9.67704096  9.53528121 12.00399746
 11.94895671 11.78469019  9.17995657  9.53931839  9.29385692  9.15360352
  8.72990683  8.85595447  9.06516847  9.02653048  9.46108025  9.54994545
  9.69385403  9.62755713  9.78277927  9.8242511   9.71150926  9.65988279
 11.71204696 12.02307232 12.59298955 12.68085762  8.19046992  8.23637332
  8.58916693  9.10991022  8.58815103  8.64542228  8.78848771  9.19003161
  9.14390823  9.14277687  9.33117346  9.79414835  9.76668787  9.9295883
  9.95518011 10.04121645 12.09205449 12.81405916  7.96929299  9.01045665
  8.95812368  9.23968839  9.47743097  9.26715341  9.20767902  9.37621346
  9.9008909  10.08013181  9.99524926 10.17124405 12.01634652 12.20500142
  8.83138602  8.8385888   8.93210846  9.16841457  9.22674411  9.5455321
  9.8223909   9.66556691  9.57958819  9.9069792   9.22407108  9.18317211
  9.90713529  9.90821983  9.98189061 10.16870872 10.25709808 10.52372506
 12.16380488 12.63420154 12.58632366 12.77320926  9.61069806  9.27928665
  9.03181812  8.7197152   9.23726352  9.51727609  9.67381341  9.70388329
  9.60645959  9.69659754 10.16296819 10.24101998  9.71053427  9.38248643
  9.31827463  9.56958168  9.4390337   9.88462168 10.64188014 12.13930296
 12.62103624 12.62486363 12.78576019  8.99713636  8.66654314  8.3395147
  9.37619958  9.84870025  9.36805161  9.77641805  9.0592256   9.32558438
  9.68965935  9.57444982 10.1254848  10.67693482 12.55638527 13.59941822
 13.65526375 12.91523789  9.58377938  9.06754977  8.78675502  8.65422528
  8.91683851  9.37329904  9.02746548  8.81311445  9.22815208  8.88837067
  9.25196676  9.67140854  9.50727147  9.85470304 10.16095537  9.80070377
 12.2196836  14.43827937 13.78887277  9.13638871  8.8059294   8.83681701
  9.11399341  9.80849888  9.35632993  9.00746654  8.88281791  9.19728079
  9.61252418  9.27357388  9.06948269  9.64680108  9.80575492  9.63589152
  9.14987045  8.89277582  9.7951539  13.74453964 13.68397663  9.40972115
  9.15512797  9.39537847  9.34087407  9.43333507  9.36130705  9.79893274
 10.14557988  9.9462188   9.80386069  9.62116533  9.70305097  9.13896442
  9.25004424  9.71924491 10.28957875  9.84124285  9.43519558  9.34872864
  9.38510583  9.65115417  9.90355661 10.01672148 10.17422069 10.25768232
 10.19673316  9.87376123  9.92086003  9.74795046  9.77385759 10.06776899
  9.78474708  9.31958304  9.65666941 10.09714184 10.23012176 10.10098082
 10.10171732 10.00562869  9.99795184 10.14308974  9.27145583  9.4983584
  9.97679523  9.92614118  9.97658073 10.09917937 10.27137452 10.2693536
 10.3190091  10.27275104 10.24675466 10.23828281 10.29873924  9.57072049
  9.29284824  9.29917569  9.89743751  9.74729248  9.75270956  9.91888345
  9.96592988 10.07362998 10.30975572 10.39308583 10.22834926  9.77946342
  8.45903316  8.23037263  8.18563206  7.6427652   7.95619802  9.86643838
  9.70096939  9.88970404  9.83142174 10.09756682 10.29111717 10.32536471
  9.94113398  9.57774686 10.44322426 10.56628692 10.38383464 10.76601525
 11.35524618 11.4625261  11.25604581  9.10370661 11.28073551 11.78722313
 11.92630823 11.86539231 11.63841448 11.37008182 11.20386227 11.68137184
 11.8272961  12.15044019 11.07197979  9.36305589 11.5046558  11.9569006
 12.3228031  11.99766197 11.42515244 11.44196393  9.12124188 11.66735391
 11.79399347 11.7182853  11.52107883 12.03398975 11.66799822 11.39925512
 11.31205842 11.38631025  9.37127412 12.09907525 12.45461246 11.95552459
 11.12323163 11.58768318 12.00157969 12.11449841 12.08754346 11.44067821
 11.47674605 11.09483564 10.10186764 11.97131551 12.10996355 12.32373155
 11.51050608 11.57650644  9.61365041 11.89734829 11.999782   12.18018598
 11.6024942  11.38433252 11.04067361]
[ 7.63293464  7.72059815  9.26628079  9.49564534  9.51887162  8.68153359
  8.78147339 10.07361167  9.56283099  6.24104984  7.17332389  7.51798935
  8.26218006  8.65841622  8.82601088  8.39462729  7.92158573  8.40536618
  7.00826177  7.78176986  7.96267065  7.45402168  7.33075442  9.56482858
  9.18412974  8.72182005  8.34051274  7.78660778  7.91775162  8.25303867
  8.2083917   7.96380172  7.26200793  7.17692746  7.265504    7.79269855
  8.15299183  8.49625169  7.96024159  7.58287439  7.56369766  9.76223407
  9.72895753  8.8274746   8.53874246  8.65318238  8.41101844  8.16249048
  7.9621309   7.91505191  8.04797019  8.06243209  8.55061435  8.52762735
  8.60353442  8.55025405  8.77450136  8.4027561   8.21438783  8.1348906
  8.60768777  9.88437102 10.01129611  9.55483425  7.7201319   8.04029897
  8.05740755  8.02689446  7.73479557  7.69741565  7.72087772  7.93550936
  8.00863122  8.08584815  8.15151589  8.58271151  8.32630421  8.52536746
  8.71720501  8.55235282  9.10970375 11.01224323  7.58113683  8.16343964
  7.92298705  8.20820766  8.24017902  8.26774742  8.03644074  8.21885543
  8.78328186  8.60587576  8.55614924  9.23903678  8.93833653  9.93185226
  8.77704961  8.68588398  8.57745829  8.27443699  8.2996513   8.50606731
  8.59896369  8.39193358  8.51737802  9.26972155  8.20861901  8.01928777
  8.32605101  8.39080106  8.51589855  9.15348223  9.07691333  9.25243751
 10.15978483 10.78154794 10.46094438  9.48225522  8.86422212  8.45104716
  8.0914667   7.73811505  8.12991584  8.53860593  8.56278488  8.47929748
  8.47190663  8.81692073  9.5773628   9.56555402  8.80214165  8.30949454
  8.23835955  8.20611923  8.10484281  8.70929697  9.4920133   9.75875231
  9.87618235  9.40353425  8.63993627  7.80205874  7.34960517  6.9486259
  7.99467959  8.5575048   7.86295591  8.6652883   7.49922501  7.78517632
  8.43667956  8.13140217  8.7157807   9.57051445  9.51784284 10.38818863
  9.95181504  8.76046383  8.10571424  7.41653077  7.1017849   6.87621978
  7.12593293  7.87889726  7.24714224  7.04561597  7.59362647  7.06688484
  7.50767732  8.17021218  7.7878075   8.29665937  8.51390137  8.09509174
  8.72806543 10.23019954 10.09566337  7.37745578  6.99898868  6.99248485
  7.21407976  8.43037618  7.80862089  7.02751973  6.83379645  7.27864087
  7.90352654  7.44107166  7.21923188  7.91920459  8.36507729  7.9600923
  7.228439    6.87878535  8.04033952 10.34950558 10.5510974   7.7595996
  7.44173855  7.85637055  7.72948642  7.60922659  7.42253298  7.89685221
  8.32652281  8.32093296  8.09144653  8.1812668   8.18162798  7.02265389
  7.21815067  7.76208855  9.01819573  8.29820572  7.79348595  7.78096175
  7.73960007  8.05724967  8.32674545  8.42358237  8.55605884  8.6660615
  8.86585638  8.58213967  8.5926323   8.24672622  8.05763453  8.70537519
  8.45722285  7.82758623  8.28874142  8.77768214  8.84150006  8.97320696
  8.9509064   8.7100876   8.65941802  8.78548058  7.99979489  8.43822891
  8.77585662  8.80722091  8.95854811  9.2417994   9.43141177  9.28692885
  9.32111129  9.40184221  9.52031258  9.52263461  9.20742501  8.56527075
  8.16747372  8.05125667  8.51442691  8.43195437  8.52435329  8.81041371
  8.8590028   8.98087536  9.40959133  9.68800286  9.1138279   8.59502894
  8.38555632  8.34686153  8.15933326  7.45005133  7.49873688  8.62588091
  8.39531349  8.65629001  8.63082799  8.94983093  9.25185294  9.09489045
  8.30635319  7.56366459  8.08943747  8.43560504  8.23468049  7.99686521
  9.12678063  9.45993275  9.02659683  8.38326441 10.06774289 10.7272676
 10.63493728 10.52717455 10.12941923  9.55521978  8.46954822 10.19077716
 10.2899589  10.75588414  9.8834001   9.40012783 10.31551089 10.36637855
 10.93285144 10.72630693 10.66680858  9.02805989  9.0546288  10.57083542
  9.63436059  9.61404303  8.85549089 10.40705402  9.61741547  9.74492943
 10.14018117  9.56260971  8.38163575 10.89822816 10.92455722  9.8728917
  9.520094   10.37139356 10.84534833 10.70478809 10.61575725  9.97895246
 10.48735525 10.2529235   9.49274636 11.08056798 11.12602115 11.09239377
 10.31331086 10.56050515 10.27592202 11.41702079 11.12846554 11.1744735
 10.54564373 10.41686446  9.90529909]
[ 8.61546882  8.30580048  9.88768344  9.56047934 10.18700595  9.40715426
 10.1468668  12.10758094 10.10388374 10.10762467  8.7952473  10.64230822
  9.28728099  9.46314605  9.26076913  9.46976519  9.29819186  9.20264307
  8.59961192  8.08913863  8.54284001  8.52226738  7.87259627  9.99714788
 10.18979385  9.69815779 10.29627774 10.23607911 10.12977797  9.79995854
  9.56885303  9.39279888  9.27696349  9.37271787  9.54997608  9.67240661
  9.9071521   9.90772712  9.69949033  9.59226872  9.3908254  10.08823334
 10.97823686  9.96439412 10.56063323 10.53875652 10.5148768  10.39956848
 10.37060926 10.27153788 10.29853735 10.18358018 10.41587817 10.68331112
 10.88089537 11.01331503 11.04678896 10.61112615 10.72694581 10.62017297
  8.49483612  9.89851955 10.59811296 10.28697191 10.15667454 10.30778787
 10.13891065 10.01530614  9.98134184  9.92499631  9.89695483  9.86206564
  9.81818232  9.99368162 10.26059516 10.54366216 10.70383506 10.64744069
 10.65139741 11.01888296  8.83067383 10.33505001  9.95002169 10.1505325
  9.76686885  9.70613214  9.81158939  9.90364858  9.91883016 10.14093307
 10.21631709 10.19928097 10.16541412 10.58612502  9.65955299 10.15138175
 10.83730439 10.77402096 10.75455264 10.17374336  9.95067513  9.80870251
  9.80662315  9.77370236  9.86928131 10.30832159  9.94865139  9.96631585
 10.12070175 10.02080744 10.0912661  10.54259734 10.90683    10.77881538
 10.55990698 11.47010783 10.56428865  9.34929107 11.1149202  10.92213462
 10.80532265 10.49945058 10.40235013 10.32013071 10.19740067  9.94767696
  9.88388709 10.16436797 10.58721417 10.69729723 10.36819663 10.33217892
 10.33210668 10.42783708 10.3064942  10.67811302 10.53257612  9.885602
 10.63928431 10.05872886  9.52508423 11.00254227 10.85786494 10.57733845
 10.55020632 10.74099511 10.02898476 10.61054311 10.26277865 10.6245019
 10.87333831 10.7025392  10.72488433 10.92956715  9.25016433 11.04317199
 10.34019694  9.7426004  10.87667742 10.81975821 10.76651194 10.69555639
 10.77277844 10.76469937 10.29687247 10.12721571 10.34674589 10.30861098
 10.43369996 10.73617602 10.76314559 10.67395185 10.46642568  7.60410061
  8.5048489  10.82437821 10.22044683 10.71891423 10.70026489 10.82457915
 10.80177417 11.33259321 11.06599546 10.57227573 10.35380503 10.50080364
 10.89874681 10.59227144 10.30996497 10.51323281 10.74780154 10.70598468
 10.51905619 10.42357341 10.6312156  10.22344278 10.53190224 10.60037104
 10.80025653 11.17460841 10.86641772 10.73888445 10.58630895 10.72027554
 11.01691751 11.0248087  10.61389591 10.75020761 10.9059712  10.59319147
 10.58920247 10.73187851 10.25676946 10.36506434 10.56754327 10.89566214
 10.76995501 11.04470775 11.07978267 11.10675411 11.1703806  11.31907701
 11.03171384 10.9022706  10.99803423 10.81665835 10.32653332 10.02192596
 10.13363912 10.83989901 11.15323178 11.00930872 10.83365015 10.99898864
 10.93907757 10.92842606 10.8166524  10.18205457 10.012252   10.53719854
 10.66594064 10.86429041 11.08735848 11.35619889 11.43604713 11.06000847
 10.97738933 10.95692764 11.10119488 11.07845892 10.66842934 10.5630742
 10.23722575 10.0889813  10.1973148  10.31008171 10.50078485 10.60317357
 10.63078015 10.48620212 10.68287428 10.81071961 10.52032755 10.28774953
 10.53053728 10.73349146 10.51661885 10.05622983  9.91479094 10.04853513
 10.20779898 10.35352776 10.28209429 10.23170557 10.1664203  10.18772952
  9.67009021  9.87550164  9.10743488  8.63841121  8.93772265  8.21054556
  9.70791504  9.80426866 10.18493824  8.96594754 11.81103144 11.67837086
 11.54039924 11.92808766 12.04393483 11.2533443   9.4734092  11.70502025
 11.58239988 12.34348588 11.52337681  8.79662594 11.74083547 11.82959619
 12.54808378 12.0682246  12.08398421  9.72984131  9.03020787 12.22818484
 10.98727022 11.04847741  9.08228813 12.09353438 11.13159189 11.20013362
 11.28873515  9.46922408  9.78247571 11.74679007 11.86617301 10.53341547
  9.45818051 11.15937332 11.87014746 11.32241399 11.33732388 11.01876954
 11.58118867 10.23781257 11.42486097 11.56638518 12.42299229 12.05239393
 11.24919139 11.48242863 11.21724237 11.80416664 12.61588339 12.80870566
 11.89403144 11.46242289 10.15067397]
[10.74425515 11.15555612 11.59399776 11.4512965   9.59268625  9.81405257
  9.68532173 11.81320606 10.67909802 12.17673445 15.50632056  9.43638579
 11.56877956 17.48789707 17.84749773  8.95997053 12.6412856  17.84610866
 15.47199203 15.03660518 14.32973425 15.51749843 15.54506037 14.49161621
 14.50493413 13.93941466  9.75796759  9.58477816  9.59536178  9.65697173
  9.5400709   9.46815706  9.45935268  9.59644776  9.61556946  9.51421118
  9.30776593  9.17506008  9.22133161  9.58107185  9.50526793 13.98225459
 13.09242788 12.71501177  9.41233286  9.37274398  9.33979429  9.2940663
  9.27672336  9.20861282  9.2774975   9.23010408  9.27587164  9.42988684
  9.46794532  9.5340283   9.4281003   9.28828155  9.36001409  9.47992947
 13.98320155 12.52053398 12.12127216 12.08161404  9.39818992  9.47998675
  9.45451735  9.11767945  9.06777537  9.04470979  9.03142693  9.07208405
  9.03324778  9.06137904  9.25138919  9.38076759  9.45038422  9.34882673
  9.26339073  9.49144845 13.63740257 12.29552094  9.27994549  9.13679954
  8.90098487  8.84281485  8.91804595  9.01066946  9.01420784  9.19220393
  9.25247667  9.22408599  9.0801831   9.27921502 13.49383296 12.47541756
  9.57506357  9.55177626  9.42670252  9.17557173  9.03680069  8.88016976
  8.81640271  8.90498128  9.01714091  9.18220665  8.99716956  9.03603852
  9.17727431  9.20665081  9.10781771  9.31751813  9.45253162  9.38305043
 13.04884487 12.72950309 12.47841516 12.06174995  9.53914496  9.44035073
  9.3887469   9.30153928  9.25089783  9.17404326  9.05092802  8.96929687
  9.08517215  9.25138621  9.35927728  9.37607122  9.2141644   9.2257718
  9.27750305  9.36232573  9.36168724  9.41751042  9.46094545 12.7959934
 12.45809808 12.31606602 12.186092    9.53051026  9.47103682  9.36022748
  9.27948521  9.29053374  9.09936216  9.32191625  9.19386158  9.42836322
  9.54611604  9.44943442  9.43631706  9.46550262 12.85008159 12.48110659
 12.28665826 12.34075319  9.57027229  9.54817253  9.52959549  9.4623199
  9.45033105  9.37508915  9.23063353  9.20355622  9.23904275  9.22796676
  9.33960148  9.40770029  9.41350432  9.33814907  9.36329309 13.34165422
 12.75600273 12.44572025 12.55048321  9.4978165   9.48119107  9.50133596
  9.4704496   9.6569363   9.57186462  9.39531379  9.31482338  9.34380588
  9.48126693  9.31101575  9.23988419  9.35644571  9.39917391  9.35865368
  9.31832106  9.35421639  9.28978616 12.6318155  13.0021215   9.46568564
  9.5405502   9.61615771  9.49538776  9.51269631  9.4626248   9.48413517
  9.53531389  9.47982323  9.39374219  9.42077294  9.46158478  9.4320548
  9.38953527  9.36924317  9.11020754  9.30436385  9.42268036  9.50521068
  9.45473706  9.64566683  9.65824013  9.66688091  9.69233831  9.69780135
  9.52960498  9.52814246  9.53063308  9.47015655  9.16913336  8.98465434
  9.19231977  9.49549649  9.65527417  9.63630111  9.53036314  9.50948915
  9.50577032  9.50837485  9.45015572  9.19084134  9.17026792  9.35410783
  9.42029496  9.47530719  9.52715008  9.66003008  9.73153012  9.57772083
  9.48046698  9.48132907  9.57071837  9.56642012  9.42620823  9.52772462
  9.35508146  9.16016841  9.16310533  9.1932745   9.25872921  9.34715162
  9.38985219  9.25989806  9.3849776   9.45407095  9.25880115  9.09445105
  9.97549557  9.91958842  9.66174645  9.44906952  9.30521966  9.09119414
  9.15372679  9.2871344   9.30553526  9.19992303  9.11501489  9.07484515
  9.16883126  8.51134344 11.34970883 11.82631813 12.33719612 12.8743541
 12.27032903 12.93211684 13.36955749 10.92159613 13.25033253 13.04904899
 13.05069074 13.4424571  13.61220809 13.55620605 13.80876419 12.94188347
 13.54034531 13.95228355 13.65133632 11.2399122  12.99187336 13.48115692
 13.99337046 13.81030347 13.74935882 13.5309955  10.46860732 12.88645391
 13.32423947 13.66196143 13.59662418 13.00389954 13.08258285 13.41080923
 13.56592826 13.52563075  9.67153964 12.82354074 13.36049929 13.53315973
 12.88470531 12.88045008 13.3621378  13.72546135 13.82962067 13.64846894
 13.40185453 12.51990403  9.98950315 13.3410616  13.66012775 13.88803395
 13.52026506 13.22822774  9.48962961 13.24272759 13.62500917 13.93138919
 13.66189961 13.31123429 12.49195788]
[4.27402492 4.96459241 4.53500604 4.41823331 4.1890719  4.98223842
 5.5866758  5.17962115 5.17031929 3.35602509 3.60301077 3.56621265
 3.4585345  3.57878786 3.6170006  3.57882283 3.59504726 3.58300285
 3.44059552 3.28489231 3.33447606 3.05260057 3.24437447 4.09522255
 3.96506076 4.22498746 3.44914048 3.76643855 3.72779785 3.52991132
 3.75033199 3.50796754 3.46403538 3.30223852 3.63710269 4.19298752
 4.73883351 4.67218006 4.11423005 4.01754803 3.98795965 4.7331495
 5.11776224 4.22707983 3.58594604 3.66532986 3.70787971 3.90570157
 3.89655155 3.79652179 3.92095794 3.68673555 3.35492487 3.52896876
 3.43317268 3.35349951 3.4325557  3.5629831  3.58414539 3.2262391
 3.53785164 4.69409012 5.07145004 4.79363102 4.04137241 3.96094374
 3.97887113 3.94297861 3.99720285 3.88506251 3.74648381 3.64258367
 3.67126284 3.55662205 3.74640394 3.52975241 3.39911589 3.47252594
 3.65230583 3.43565542 3.86379326 5.40603934 4.1098444  3.92537482
 4.06403914 3.90134838 3.58030505 3.74815479 3.57917658 3.52119761
 3.32938756 3.45899847 3.67320254 3.48955054 3.86317645 4.91307552
 3.75603134 3.68748937 3.53927571 3.78029345 3.83229251 3.73580388
 3.74049605 3.49104327 3.44000137 3.5257379  3.73609496 3.79760438
 3.52323045 3.69236906 3.65884446 3.6142872  3.38950785 3.37290839
 4.99380696 5.64533656 5.28409189 4.47241422 3.75243775 3.66873724
 3.66350546 3.84400587 3.95416843 3.87201448 3.75404728 3.81542841
 3.57588141 3.54458136 3.38121627 3.48677689 3.55486381 3.5214265
 3.53556582 3.43168552 3.72736713 3.55233    3.20110603 4.56385676
 4.91176636 4.42110416 4.20923057 3.49831052 3.44605125 3.45430082
 4.04548916 3.80614758 3.80645019 3.58854195 3.71128381 3.65404118
 3.6095778  3.52112808 3.43023525 3.311292   3.98206906 5.24904311
 5.01822589 4.5309034  3.84049075 3.49188215 3.35344758 3.30134468
 3.53626513 3.73042674 3.65988875 3.66516516 3.71538413 3.49869483
 3.57548456 3.58967028 3.28817982 3.68167443 3.36380346 3.39172492
 3.9085251  5.5970569  5.03089464 3.59514861 3.47341929 3.3160968
 3.46542343 3.5749769  3.49386819 3.49943703 3.48740321 3.61623946
 3.34849308 3.31832561 3.40242531 3.38112276 3.50861401 3.44926598
 3.44516082 3.33035068 3.34722202 5.32111029 4.99826744 3.71356635
 3.60328157 3.41439431 3.52448725 3.6859911  3.79950723 3.76312639
 3.38722143 3.26284363 3.33207999 3.56212962 3.45964536 3.21966959
 3.3548018  3.26141324 3.39676286 3.64980442 3.73933172 3.54243019
 3.6228311  3.53495827 3.71213714 3.79339335 3.66358876 3.37798566
 3.18646499 3.42914035 3.47734419 3.62550783 3.41080325 3.31547674
 3.50241169 3.4696479  3.74043784 3.85396525 3.73855043 3.39163296
 3.29903084 3.47513864 3.59935145 3.4618818  3.41449419 3.58032306
 3.65258994 3.52120225 3.54885669 3.54288858 3.48114533 3.53700721
 3.39238382 3.34898334 3.22226034 3.22696776 3.24774366 3.19545188
 3.50242605 3.47338323 3.65166163 3.65102908 3.59530237 3.48537442
 3.39123959 3.31582389 3.17661744 3.10544938 3.29083032 3.57049974
 3.3794207  3.73556336 4.47378734 4.04248278 3.54870927 3.48027347
 3.35799372 3.2944032  3.35606439 3.44229782 3.28834011 3.23850518
 3.31950117 3.38050802 3.17831503 3.12062633 3.06404793 3.15182263
 3.66602929 3.8354194  3.81862776 3.94718687 4.41662495 5.5651477
 5.4775113  5.6042408  5.58190151 5.09468253 4.17136399 4.44789506
 5.17364678 5.49261233 5.23665186 4.08044849 4.39736079 5.12357841
 5.54804269 5.46936366 5.66895375 3.93458646 3.81834486 4.34844287
 4.66077716 4.92523154 3.88610953 5.22802804 4.79614692 5.14316778
 5.3649652  4.24998171 3.51207984 4.30040249 5.40796548 4.89168353
 4.43975255 4.20089192 5.57556123 5.31870192 5.26056644 5.04055155
 5.40774222 4.98147954 3.3657126  4.41020803 5.75639239 5.67892552
 5.24038596 5.39770203 3.53639242 4.67138811 5.96759884 6.03740688
 5.62586068 5.48386895 4.57204955]
[6.53439007 6.09544348 6.31088596 6.05889518 6.5357227  5.67064528
 6.13334487 7.30081691 6.48852793 5.58888569 6.65811352 5.59653631
 5.97706762 7.59245936 8.77400726 5.54225615 6.0687547  7.95704818
 6.72621866 8.39711223 6.57363047 7.13540513 7.69631603 6.92955255
 7.01096568 6.4911073  8.66096339 7.56460175 8.13967181 8.87855251
 8.65222594 8.1720911  7.48941873 7.47163939 7.30659727 7.32322553
 7.8231392  8.26061042 7.43417278 6.74622955 7.3950197  6.15043896
 5.75087616 6.1122949  7.58603607 7.69274631 7.39284469 7.14806354
 6.94808782 6.98237756 7.20406115 7.24202861 7.47886734 7.57901523
 7.38168799 7.20941031 7.6079496  6.81863318 6.70083058 7.20956321
 6.03204961 6.02354401 6.29481979 6.36533062 6.90559249 7.40665665
 7.5437229  5.92405527 5.81061899 5.94572606 6.24243233 6.30101149
 6.59575529 6.27412366 6.68915631 7.20997166 6.83231036 7.2717082
 7.5669187  6.97997915 6.00516164 6.55377909 6.84757525 6.69159729
 5.52698306 5.4399421  5.36726792 6.44151982 6.16495155 6.75716013
 7.3466363  7.25080487 7.45513964 7.80601493 6.22263445 6.30628365
 8.3295789  8.22641398 7.82155595 7.13647085 6.79257594 6.12581925
 5.60692288 5.66984212 6.82892419 7.75157319 6.49366023 6.56620174
 7.23334059 7.33835343 7.5578172  7.81701317 7.4137314  7.7551395
 6.41252252 6.78140947 6.3104564  6.00740262 7.77587725 7.4367902
 6.92159254 6.71507501 7.05189558 7.36121203 7.23827336 6.55225633
 6.81430218 7.60822533 8.46526959 8.62355054 7.99569026 7.52894075
 7.31886945 7.16512618 7.07546439 7.36007832 8.72265825 6.07224859
 5.80371931 5.82543497 5.64696479 6.2679262  5.88969215 5.59883104
 6.8342918  7.47034198 6.63149649 7.5477359  6.25832922 6.33344809
 6.86654519 6.57916638 7.31839737 8.29452434 6.52351902 6.23007722
 5.94116895 5.62345519 6.36204203 5.63628476 5.58409128 5.61612954
 5.95301769 6.66577913 6.03770011 5.61311671 6.04974227 5.58169182
 5.8668044  6.59888542 5.95048117 6.80379253 7.98551253 7.34434736
 6.71319167 6.25858615 6.59132435 5.71872836 5.50488113 5.79618106
 6.06118031 6.60350884 6.06689344 5.62680608 5.44132844 5.66567361
 6.11061595 5.64042741 5.48987573 5.96770839 6.70785077 6.17548853
 5.55385489 5.46426524 6.58343316 6.83249907 7.36670503 6.25629521
 5.72657505 6.05858082 5.99548199 5.8880578  5.64965584 6.02078394
 6.38489845 6.49911062 6.17264512 6.57051829 6.47507341 5.60564601
 5.53969438 5.97110533 7.26708367 6.90465132 6.22277747 5.98310943
 5.97889179 6.23907493 6.27833308 6.28831811 6.45516098 6.61222972
 6.82875256 6.71196654 6.74745171 6.57139042 6.17504747 6.36508428
 7.21942894 6.14697177 6.36911075 6.89053137 7.21886831 7.47710488
 7.25659006 6.75255416 6.98092926 5.81481183 5.99251467 7.36823816
 7.58434461 7.62399311 7.68148555 7.54550982 7.4441133  7.75204099
 7.92281488 8.14482894 8.21218449 8.13257448 5.92360125 5.77661779
 6.63476608 6.90716403 7.63985115 7.57793274 7.50570191 7.34368608
 7.3413539  7.77071097 8.37640727 8.76087606 7.57206572 6.87565433
 7.96200978 8.23920486 9.39760969 8.70431958 7.15732107 6.63401063
 6.53812042 7.23068479 7.25309493 7.83217847 7.56360606 7.39843194
 7.04400501 6.01072412 6.10931292 5.21962323 5.62104121 5.89682115
 5.15319739 5.53106538 6.13779298 6.54273029 6.87947412 6.13944977
 6.23824264 6.18222521 6.38046954 5.98052371 6.06140239 7.18955219
 6.38015261 6.53882178 6.09556161 7.00397282 6.87143755 6.48287386
 6.76273752 6.81411552 6.82567049 6.13678189 6.34116032 6.8404189
 6.43595565 6.24735466 5.59152839 6.29330155 6.34281429 6.06998317
 5.75103552 5.53181761 5.72342741 6.62268815 6.35506337 5.89565415
 5.13273658 6.44421527 6.15993685 5.65857088 5.58707715 5.47540752
 6.35575337 6.01663134 5.86220516 6.88994195 6.45771428 5.94505963
 5.6438494  6.39655715 5.87556827 7.17038042 6.7496928  6.46405594
 6.34176296 6.52493882 6.61752248]
Test5num = 1
Test5accuracy = 0.0
