[ 1486098.46400353  1490845.73763684  1509604.34317724  1485746.79796368
  1486371.55310571  1490195.93018783  1496379.28240278  1495759.06422369
  1495440.49974896  1494442.61670115  1495457.97558271  1493360.91901806
  1492791.77557379  1491450.96701379  1490313.52281574  1488187.5295566
  1486889.02715628  1489980.57654542  1491162.52148666  1490265.07602609
  1486396.40714952  1486012.83971575  1508476.7373411   1496350.09397276
  1491820.23359352  1487912.83689614  1488940.65393674  1489593.3562566
  1487887.27195874  1485549.19235898  1486886.19667777  1492213.01831499
  1489032.31169049  1486528.76870727  1489145.4141914   1480301.04810052
  1482943.61218215  1508047.12377759  1513058.14293286  1490383.00418198
  1485014.72746123  1484008.58306941  1486015.42868169  1484288.45843867
  1482594.37177988  1481862.7151528   1485067.00766526  1494258.26747859
  1493467.33942469  1489732.64419023  1490544.30992515  1491801.51100962
  1479050.23305518  1478825.88650166  1492668.94837462  1489138.61328906
  1483440.36702805  1481213.17183992  1481631.8315082   1483123.80421553
  1482588.38140981  1492231.91405095  1494750.21530549  1493060.94712928
  1486353.24521099  1510779.55116947  1526232.76304576  1488043.22204247
  1480140.8877295   1478472.09281285  1486731.07116983  1482058.19899363
  1481373.89404174  1490499.55747791  1495346.18871835  1495361.27747838
  1488182.44738206  1527165.43042417  1525794.70934377  1479619.65077181
  1479311.08124587  1480460.19249509  1479323.56966521  1482208.15346922
  1484285.42589794  1484087.63257987  1482909.54502706  1481391.65210365
  1480453.69921698  1481516.64060645  1483589.10285669  1489601.05059293
  1493566.65937346  1495022.97133529  1492788.77494372  1489601.02095784
  1490570.51490294  1510548.0184577   1510467.64764791  1525189.71925986
  1485294.35057265  1480369.80844955  1478561.69424979  1480279.69582831
  1481129.23119941  1481729.41876414  1482316.99191733  1481299.04328317
  1479961.66765203  1480002.66949241  1483367.40502069  1491505.30691446
  1488506.89362763  1510212.32768124  1490321.48888187  1483366.4585036
  1478173.79950799  1479327.34117473  1478763.36271191  1480578.26598892
  1480697.92281781  1481611.86895338  1481920.10355967  1479561.85220424
  1479432.55720793  1480776.62370554  1487617.42197763  1493858.16524576
  1491788.19915347  1488096.88968294  1479379.01284099  1481649.20835347
  1488432.21293971  1486393.83428413  1481819.57612679  1478313.21695796
  1478144.74018941  1478559.13414059  1479027.44323541  1480544.15599273
  1480268.74102728  1480545.14515964  1480597.5885829   1479914.87539848
  1479297.07513497  1480525.63484889  1487905.40789509  1490067.02318684
  1481775.59375201  1486690.76185689  1494330.30146406  1495022.63473945
  1492131.0435347   1488229.65238541  1478962.49336184  1478693.52917317
  1479112.2203538   1479404.02134129  1480865.68017923  1481076.39133244
  1481269.08973778  1480462.12762313  1479845.03179871  1479266.35922953
  1479380.25580846  1480398.89937702  1487659.67436874  1491627.0163828
  1481851.6151122   1485431.98708298  1493577.04939315  1492827.53640643
  1478652.62742837  1478741.98239089  1481064.28846866  1480390.76671746
  1479351.26185179  1479501.69634489  1480751.49753026  1480870.52362289
  1480350.06817118  1486540.02169215  1493366.95809686  1495064.28038902
  1491116.33825804  1479343.84656044  1479449.55833235  1479304.7401932
  1479779.55555898  1483328.02887122  1495316.33464919  1491854.35887701
  1480293.15977318  1480431.51591871  1481449.16170319  1491334.62186804
  1496115.39126305  1494690.63031129  1480949.84822571  1486054.16711496
  1492123.95555731  1496892.8614637   1497559.76260927  1495624.88035772
  1491711.9026444   1494858.76656805  1493751.66466139  1487940.56585349
  1479186.54810526  1479053.98435987  1479643.53600634  1478914.54162573
  1478985.1031016   1478683.37226569  1479624.22023904  1480802.70171243
  1480509.78483617  1480818.59653708  1480353.25350694  1479114.76871787
  1480214.91007199  1480959.292808    1482138.46862349  1481613.62859857
  1480000.22566213  1478825.62686525  1479431.2811338   1480150.83008911
  1481334.47461946  1481658.11046667  1481162.32673293  1480264.5266988
  1479087.95348247  1479445.41147867  1480770.51553526  1480336.79527266
  1478819.86512456  1481433.35877027  1479462.58394125  1479537.50238557
  1479641.5335514   1479103.37937308  1479051.56719996  1478834.29988926
  1480132.14861496  1479128.35047008  1479713.81685926  1478944.75137474
  1478329.71169576  1480567.05626291  1480705.82346206  1478079.32680393
  1477726.22280439  1477752.69925201  1480551.74855251  1478468.84419218
  1478123.30168723  1478191.0694011   1479567.65209708  1478646.34639287
  1478740.39266937  1478602.91805545  1478340.28391353  1478349.73885363
  1478532.77821398  1478891.72625001  1478243.65473479  1478005.70904235
  1478044.09959671  1478429.60516488  1478253.23586246]
[ 737194.23376941  753058.56361727  785218.73503342  735982.2781005
  737994.76940772  751212.08844753  769229.8687112   767373.53777629
  766462.57257676  763311.6676799   766293.85860667  760929.25568429
  757753.4484624   752352.18723051  748622.94858874  741808.55692986
  740199.64557272  750563.90504579  754319.19413391  751509.72204899
  737433.82741513  736483.9277244   781688.8959139   769595.44858995
  755783.25833409  744031.2138943   747618.65831794  748579.65676108
  740478.93720642  729348.14703241  737483.34962085  754661.62912779
  744178.79899221  739109.8017377   748540.72800804  709877.918423
  724005.51438301  781008.61832447  795725.13555045  751943.63017088
  733515.18667526  729975.52643201  735683.21858573  725259.87559592
  713923.50632853  713349.56983612  730903.8417511   762628.91657683
  759141.39683798  745938.8776622   752459.04477188  756623.22558636
  698279.34697258  689454.24581329  759215.05510207  748264.11913078
  726998.98621643  716264.96470489  717907.56475898  722990.84496063
  717019.66147116  756834.58558037  763511.2394858   757025.8289231
  738564.93403065  789710.87085773  810878.76139856  744239.62100697
  679852.23754937  690223.09398022  740756.44335734  720096.52884706
  714709.67711462  753202.40212278  767588.04286822  766270.18450736
  744464.6021819   814100.85535424  811328.92946349  705530.22891971
  684242.51178082  679478.11695626  703167.46042412  720455.89264119
  730016.56754714  728770.58995703  722289.645631    713644.0207969
  710551.51664606  717191.69957138  727163.04396148  750727.99456699
  762943.62034752  765116.53121296  757232.93525395  745830.6428552
  752253.25528248  787730.29458789  788764.12723674  808181.56875096
  734621.95462545  679196.1760275   690840.69321212  709352.95743731
  713512.17521035  716512.30623052  718178.59872173  712752.29815767
  707240.77407761  708337.27568417  726432.73946407  757261.44341883
  741917.24104088  786638.40056315  752411.87442224  727988.15522273
  696800.74205748  684044.17007064  696223.36522285  710761.20261136
  711021.24930183  712456.6052605   712900.35769617  703405.684696
  696369.11771026  692833.11886527  742949.15472291  763201.28049098
  753029.27413372  740436.37617135  695886.11865089  717048.28936712
  745695.46868133  739051.34164742  721669.20035161  700330.81315487
  689278.31208686  691495.09159306  700572.23930602  711234.67229786
  709086.71780099  706446.36830545  703349.42987993  704197.81559384
  699840.67694986  690036.45372296  685727.36645324  688588.75997224
  700610.19360111  737075.04479482  763798.68229992  764559.19034653
  754088.63385017  741410.04782134  705268.7691164   700381.43275682
  702250.78583657  706039.44067213  714304.26370608  714542.98060058
  711844.59343201  704897.93716443  701036.42584299  699295.35000983
  696889.66793987  689154.41867144  684523.55799326  687601.40234754
  696999.04363186  732771.18997634  762040.90772441  757523.56901943
  699441.23162142  702883.32542565  715397.5542554   706405.08195328
  700477.61839708  694975.61590609  688764.4323334   690290.44443064
  708145.01796248  738738.160641    761522.08175009  764600.705978
  752911.88684078  701049.87041572  702176.68404729  702109.38472715
  708809.59871249  728442.32348677  765900.74204131  755768.51640637
  711192.29143274  712751.21222144  719653.71980469  755814.85428837
  768671.34853196  765204.76610556  716818.73315852  738088.36095469
  758287.73712707  772068.27135412  773804.84129702  768482.78751641
  756046.67671994  766326.32384766  762931.55692493  743842.25509623
  684832.6525329   689162.83890642  687656.53290081  690044.67437295
  686441.46789831  694954.72233287  703592.08385893  706718.51894433
  706574.32949899  711381.74131452  711139.2529962   687983.75776023
  709840.7609534   714494.61467935  718105.90293844  716680.02516753
  710468.01110783  689913.39028422  701672.17523669  709617.9057898
  716746.38821444  717551.3590049   713713.81250005  707637.0083213
  686262.32561583  700335.26961105  713351.86077978  711221.21285368
  696053.19720691  678383.52539408  690928.17738692  700572.14252929
  703012.6650712   698034.5554053   696520.63144329  693630.31459715
  681099.51282938  698542.94779954  706615.73968833  691268.73656386
  694181.21775916  681214.13527891  713505.0381401   699886.94567069
  696055.70343909  700751.98635557  713319.65927499  703223.76325013
  701385.74288306  707243.07364476  685297.6069972   694242.79788203
  701336.32441716  704006.43461486  703449.27218776  704980.85340056
  688044.85392999  686627.34643907  690458.85860489  693572.40060937
  697106.39722195  697569.44093941  693554.63513385]
[ 852098.21624004  865650.1017806   892697.84892506  851012.29880732
  852670.50589414  864006.97571937  879483.96358355  877869.36322521
  877082.73945204  874410.70006453  877011.28948918  872420.34924781
  869613.13824812  864919.04976103  861732.91933338  855908.66756807
  854661.10524211  863513.72266357  866709.01447904  864286.65711587
  852185.00688636  851390.54281594  889602.38228263  879801.38419291
  867929.11274506  857919.82650854  861022.94287777  861774.67764232
  854770.28510097  845192.37392637  852226.13957394  866883.82457775
  857913.50625744  853728.63090665  861790.34746331  828771.72856849
  840773.26300843  889024.47036724  901806.28667829  864668.76864125
  848975.19958624  845977.40226662  850714.37172712  841730.58669329
  832022.66028107  831614.31435111  846615.93836936  873810.23173072
  870750.8567849   859382.43262309  865128.24843746  868687.38897524
  818932.51073538  811507.987148    870881.51500039  861534.55824201
  843409.1942788   834291.25978433  835647.54808006  839878.02663382
  834722.609384    868832.52151214  874558.11267704  868915.89776332
  853271.49402024  896608.80484463  914240.16693346  858037.17962526
  803392.94964701  812207.5393367   855152.02115597  837543.60250568
  832884.49406652  865804.61925216  878166.67784948  876992.46199949
  858271.78189455  917091.83763434  914668.81035356  825133.7214863
  807156.40182517  803087.43788005  823153.23645921  837773.19791633
  845946.51812555  844877.71984676  839329.16799538  831955.0970623
  829386.54596632  835062.24906386  843572.4552291   863726.7712737
  874218.12351699  875984.36542435  869120.11958736  859283.54833896
  864922.13505735  894853.03539362  895772.42252063  911878.48238001
  849871.2896703   802926.64636773  812787.69664657  828358.44894916
  831855.65448474  834413.42163479  835795.57856294  831191.80927754
  826572.71942228  827570.66476277  842948.51145676  869369.50000618
  855946.8493651   893906.52798741  865061.6882818   844267.3879733
  817878.72557664  807005.33696957  817342.48221049  829590.29575512
  829790.77464276  830883.84852304  831224.72986132  823308.0307027
  817387.05902442  814235.83093997  857044.48053769  874407.96934771
  865473.30137426  854657.41590661  816924.63967691  834896.01330341
  859304.39457986  853649.12633861  838913.30793184  820852.61964591
  811507.97443129  813296.13603448  821009.62186889  829998.02254902
  828170.77662563  825817.13931612  823159.25166951  823964.41805838
  820276.65209759  811891.68755771  807671.36091988  809927.86155049
  820712.4296963   851909.69755331  874886.03917708  875486.06043913
  866426.40731229  855524.2317744   825038.78375551  820860.91382248
  822406.021446    825673.94075698  832662.50117729  832831.61888906
  830405.78170172  824492.54698554  821213.37905683  819830.21300306
  817765.4713991   811148.48535434  806698.87349759  808955.61858009
  817641.82986984  848232.58222365  873399.77816216  869411.83878396
  820042.93640941  823005.69543755  833569.48970618  825792.19649292
  820827.46121904  816133.51894994  810774.76312689  812026.17295402
  827332.11315399  853389.29876355  872974.44091436  875536.66575296
  865430.77572391  821283.57393645  822235.15539658  822238.80147314
  827950.11081393  844693.21088064  876652.33770302  867889.2910033
  829955.48043114  831306.23703593  837222.27219352  868075.193128
  879046.47732874  876056.98254011  834851.59651643  852913.43409643
  870193.82399344  882023.38575215  883490.31456268  878892.73409064
  868145.48739016  877035.15831084  874104.42236447  857706.55082182
  807634.9407259   811305.71172187  810077.82181526  812187.3906644
  808998.49160174  816222.46289829  823459.97561724  826003.29236336
  825956.17211247  830114.45808461  829962.94284421  810284.0650612
  828830.06544025  832787.79412668  835759.8185754   834611.93209004
  829420.86376851  811948.53694012  821862.87574153  828661.78565563
  834713.18133098  835349.8012317   832062.56586067  826912.44373886
  808851.66505418  820719.78276933  831827.37464668  829992.62324067
  817139.70074684  802140.69041819  812799.71135173  821009.13167801
  823047.25011693  818817.84259542  817513.37214385  815088.18276482
  804524.55202939  819330.79807583  826131.8082398   813116.5855119
  815670.02174992  804614.78367119  832045.15663911  820591.41922761
  817387.26469946  821479.26680733  831877.07292962  823403.66808196
  821880.71745749  827063.24363041  808142.03758046  815706.32371828
  821719.87205127  824061.27593823  823653.17089949  825001.53474747
  810593.02159768  809394.49444546  812617.95777965  815238.34672333
  818245.96438613  818611.03782663  815230.2406958 ]
[ 1072975.3121432   1080666.11742488  1099995.91188491  1072499.79232581
  1073404.34041817  1079533.90658471  1088406.62859729  1087473.39747341
  1086954.32390681  1085249.9503643   1086768.37203441  1084016.52803761
  1082423.94343982  1079802.23831917  1077999.13456415  1074803.24979592
  1074331.58131941  1079402.20564836  1081294.2976766   1079922.07452208
  1073198.16821295  1072739.23267071  1098100.2986835   1088724.85630218
  1081632.07520609  1075836.6260173   1077531.65525176  1077955.68608511
  1074180.63439919  1069217.06167159  1072842.31882299  1080950.25664593
  1075950.85694877  1073723.6052133   1078366.56504607  1060951.16893544
  1067057.35062513  1097768.76908727  1105150.1142424   1079759.82640422
  1070881.81937302  1069241.96760364  1071828.77471515  1067135.09876152
  1062392.39630465  1062111.94078785  1069841.70379911  1084873.827537
  1083166.35449821  1076828.62729111  1080194.36735388  1082272.26567559
  1056369.15538865  1053161.30357643  1083500.2730922   1077951.18126776
  1067836.89285283  1063057.60018775  1063805.75092248  1066041.95723265
  1063478.68063132  1082081.93594196  1085338.9632076   1082160.93467183
  1073602.47131609  1102165.08358391  1116295.33102761  1076462.23513485
  1050421.67420887  1053150.71746698  1074313.58683117  1064765.58723435
  1062469.19373464  1080302.14949647  1087430.50116868  1086682.39806418
  1076392.69617034  1117897.62787196  1116395.89838594  1059340.63283965
  1051742.79238417  1050457.74746367  1057685.36608118  1064908.20010067
  1069226.37545378  1068603.55938307  1065701.26610781  1061948.60947846
  1060635.20573173  1063487.21207066  1067938.92758017  1079033.24868431
  1085059.08949727  1086110.44116841  1082210.18063532  1076780.32812357
  1080150.16667738  1101178.39991984  1101725.56056394  1114921.92682195
  1071980.706099    1050550.36841727  1053469.34140093  1060283.74148878
  1062022.29221163  1063241.44238839  1063962.06623588  1061624.5889703
  1059267.74026678  1059719.02029009  1067577.76399945  1082273.33533779
  1074876.73034385  1100622.3412474   1080385.25888996  1068788.06401835
  1055696.91323443  1051511.73156796  1055342.25809813  1060863.16036283
  1061015.34557115  1061664.67622197  1061768.14880337  1057674.99771293
  1055018.30448014  1053989.1529187   1075354.38335161  1085245.619909
  1080145.7326919   1074195.46764201  1055491.68642242  1063989.19413981
  1077076.95797891  1073899.00313942  1065831.54372333  1056826.84166443
  1052822.38694562  1053549.52279482  1056810.96431182  1061065.76205844
  1060230.05304283  1059219.01404352  1057967.3253671   1058107.54269225
  1056285.65545409  1052908.08386978  1053507.13870876  1055158.21490628
  1057055.0234024   1072604.38312661  1085535.41806705  1085867.04495528
  1080691.827966    1074653.61320113  1058773.41078619  1056613.80876784
  1057309.86117121  1058791.03559387  1062301.66067808  1062395.13972192
  1061273.72345881  1058411.28975363  1056871.30706798  1056168.31142424
  1055324.24786059  1052649.0812468   1053008.41080245  1055255.11916493
  1055779.4544995   1070604.25681362  1084676.02190949  1082384.87542528
  1056197.7607827   1057540.31523343  1062780.70916844  1058981.77948548
  1056661.0283772   1054612.64429343  1052578.93141583  1053140.45203428
  1059747.95530951  1073397.9719875   1084420.6343832   1085921.12141535
  1080243.62770916  1056839.74612408  1057334.61912554  1057236.93266102
  1059946.96625934  1068644.27090982  1086575.47207982  1081699.58848897
  1061022.26376205  1061667.24202271  1064697.61693592  1081666.33402444
  1088012.2281762   1086323.96629562  1063463.51171657  1073102.7291005
  1082880.84590787  1089786.98887591  1090676.14989023  1088041.38461538
  1081900.37262346  1086961.25865587  1085266.07501042  1075959.01819145
  1051330.35668345  1052493.45678955  1051946.00430148  1052751.00018559
  1051909.87797123  1054587.03058385  1057857.93034415  1059232.28216546
  1059242.85332761  1061193.57259268  1061034.91495288  1052497.57902625
  1060477.72804552  1062525.40164764  1064160.74241302  1063343.56877198
  1060565.47143718  1053059.61722968  1057128.90961657  1060340.32523679
  1063484.64932349  1063847.65970779  1062135.40681198  1059468.79078543
  1051938.96791337  1056524.31405945  1062052.46319923  1061218.43057556
  1054822.23817949  1050350.58262932  1053338.32039745  1056676.23116519
  1057784.73749402  1055957.13432812  1055244.4125186   1054021.83994854
  1050822.29084534  1056065.4100521   1059229.97478576  1053660.76390102
  1054520.43458942  1051197.12089053  1061998.89492745  1056622.92533845
  1055315.21347982  1057168.31373253  1062034.0450928   1057946.01277276
  1057246.3106842   1059685.41023933  1052350.63666028  1054848.60305243
  1057277.47999013  1058304.96880296  1058101.56004348  1058722.14483902
  1052868.77581288  1052795.71287862  1053810.06710608  1054663.32197227
  1055690.04553614  1056013.06572675  1054709.49289299]
[ 515560.65689293  518638.60305623  531464.35081354  515195.24272178
  515501.5984012   517940.31667441  521855.81555643  521342.30616302
  521088.87302852  520523.69093969  521272.35980833  519904.06762148
  519453.88816267  518527.46252463  517813.59099683  516495.59947458
  516012.819328    518030.27313168  518804.01158235  518189.80472594
  515635.49696026  515351.48680474  530587.9213404   521892.24374867
  518866.24722448  516263.07029145  516965.78926345  517455.80095637
  516498.98937961  515160.58557481  515847.46443207  519014.41424992
  517019.63035141  515705.80033038  517416.02545564  512353.00932576
  513571.56211742  530224.27586938  533351.34997912  517938.11417756
  514516.77732805  513934.64724688  515239.53491006  514387.71544233
  513609.63860834  513067.82077527  514717.23339019  520468.36596889
  519881.02429435  517481.13473307  518303.14466465  519014.15204363
  512015.44374055  512524.83835886  519549.32489469  517211.76883394
  513667.14802215  512481.83246283  512716.47367252  513568.57494124
  513453.87301616  519103.07748921  520759.46931345  519615.16130022
  515671.41209217  531999.00850564  543052.03580141  516457.65153381
  514507.43818676  512218.90782851  515735.39390506  513053.93937827
  512715.79069802  517977.75177897  521152.86635769  521189.01070627
  516778.06775051  543718.86636129  542648.45764228  511808.37270722
  513281.511742    514809.73434462  511905.69724382  513072.55431309
  514255.46653216  514099.63837945  513565.04992228  512813.59651734
  512217.61884838  512669.70762093  513768.82552604  517435.29376095
  520024.78135123  520940.91095828  519454.0597703   517464.8144428
  518220.71097803  531885.54787638  531833.09886788  542431.47930836
  514718.94358578  514662.70105887  512117.09361675  512021.97563655
  512507.59288722  512840.329458    513286.37789852  512834.67226053
  512101.47801545  512092.74224638  513753.47158502  518712.57133118
  516810.73775461  531653.20286569  518086.93704159  513633.58565818
  511352.31106205  513307.43010498  511795.55069397  512185.08022747
  512267.08728526  512839.24750552  513121.1951577   512016.27811641
  512482.61067483  513715.65769337  516200.61434728  520109.80587582
  518808.46388201  516549.24322977  512330.65286192  512920.05781643
  516824.79381531  515562.14190954  512762.18191516  511276.16392558
  511876.3719217   512049.51445486  511738.73339194  512199.8809182
  512097.6902011   512399.38917044  512726.57392115  512276.54562364
  512084.15073893  513804.45557936  520260.72721224  521753.3059414
  513648.79488511  515568.59702188  520340.51517738  520810.62277917
  518983.4906111   516520.61376635  511452.96124151  511518.42739435
  511590.95595247  511664.46970778  512301.3256176   512576.97966956
  512748.26215445  512601.03325959  512331.30121982  512133.37318256
  512406.41308817  513782.89591043  520147.09856199  523202.99494451
  514182.43288291  515043.79407807  520068.92083278  519464.17472895
  511423.49148231  511272.80555576  512473.69805897  512485.55298279
  512141.32310257  512595.5533683   513969.405326    513873.86353829
  512376.20872756  515681.72235027  519993.54039926  520951.98993022
  518308.66428832  512019.9119888   511995.85208813  511936.20321962
  511914.40260863  513783.11048051  521152.28422681  518843.86546801
  512107.54416235  512173.21086653  512583.33125746  518490.13206543
  521658.19263364  520721.99885846  512408.74082053  515208.71683054
  519031.80516403  522175.27094369  522656.8477925   521407.49382146
  518880.80549257  520884.52058639  520195.88537907  516517.21746191
  513126.28254144  512506.23042449  513286.40347874  512485.5867369
  512834.6875863   511752.53394872  511903.9169577   512707.09310798
  512483.99443256  512399.29099474  512034.64156872  512770.99451333
  511961.16288226  512367.95529072  513157.09152272  512844.30349472
  511849.93690169  512382.87773789  511914.45532035  512013.24403035
  512636.19154037  512853.15659561  512699.08199737  512280.37800821
  512907.05758232  512016.64680652  512322.09308466  512076.76651285
  511833.9172346   515618.61273466  512747.92843334  512093.07367179
  511961.92515936  511816.57484903  511900.58802836  511991.96020623
  514336.60332762  512086.03860682  511878.38014084  512199.18115889
  511553.04935538  514692.4799633   512398.69936184  511190.44593787
  511125.43483532  511010.05216679  512294.02370463  511172.70060497
  511098.35817038  511142.19872423  513492.85436769  511883.52266482
  511316.98565536  511060.15273507  511147.88098392  511192.52331053
  512409.99566149  512872.67780941  511782.78642509  511187.89603418
  510904.45762732  511430.63769918  511646.78787413]
[ 152436.5034593   158727.22322273  196738.31038193  152105.41014325
  152538.60026022  157512.85927021  165883.81270972  164887.61357918
  164439.51535057  163329.59584827  164887.7679942   162325.667288
  161344.4725031   159421.98908781  158020.70385124  155047.39643624
  153410.24166896  157629.04150769  159077.62474059  157633.77114429
  152258.20940091  152106.91648154  195460.99377919  165722.11965028
  159661.72115615  154818.98432305  156334.64930281  157027.40179067
  155065.20065275  152740.79793376  154047.11794762  160313.17085025
  156115.04506569  153072.0076916   156648.26583031  147319.88900626
  149141.59310258  194724.52935848  200251.00293341  157908.24614352
  151721.74638623  150689.0675566   152590.31277034  151463.6310315
  150773.49211018  149727.98464362  151825.06818118  163334.71034781
  162100.44066     157050.70706728  158193.32032397  159783.56879433
  148640.79979878  152167.08256831  160953.12345373  156484.78373364
  150024.50323809  148515.08220061  148862.25967788  149912.41106592
  150312.05783713  160550.3833604   163835.08415233  161484.66394247
  153263.094222    197598.76787379  227034.43527804  154883.53801074
  161117.44550171  151771.09534704  153953.56028648  149626.41628201
  149269.04841691  158368.18796188  164814.78665745  164819.97838133
  155041.71448519  227721.71530052  225698.04824431  148033.74761412
  156685.15145552  161868.52542295  148347.39221171  148796.4125569
  151252.42888453  150916.39229559  150366.72311474  149710.37533031
  148681.00112803  148870.77185695  150474.31705352  157404.07929471
  162540.3242616   164200.90343742  161169.05024864  157061.07869679
  157767.14556129  197441.34003822  197219.76614285  225547.83437947
  151850.23329369  162427.79227491  151862.19246193  148116.58455833
  148469.02124217  148563.36965102  149321.77526044  149410.314853
  148600.06278087  148767.54162049  150267.85371637  159944.20597867
  155831.43260258  197233.69513493  157654.34667931  149702.91016007
  148882.25372174  156631.28865517  149858.82681886  148272.7428149
  148382.18730661  148689.07577049  148747.37277428  148612.34792587
  151978.75924481  156080.78221478  154813.82675116  162736.30990833
  159900.4118931   155183.85837192  150190.5977084   148540.47573151
  155460.46542957  152715.0181565   148380.48273185  147956.42596608
  152397.74766502  151646.76639588  149315.71367364  148508.59562258
  148091.04911474  148265.59573397  149219.6835288   148521.87574445
  149264.6532601   156523.77550826  176001.52300584  179376.05076407
  154187.16407253  153369.19786387  163050.46310593  163951.06490212
  160205.95159766  154909.85342581  147440.14483609  148518.10997642
  148688.12305281  148621.69592953  148654.80062113  148533.09736618
  148507.68783257  149288.38224648  149273.68446791  149629.40583236
  151095.4710902   156649.00204919  175680.06282469  183079.53428487
  156050.72205648  152170.98403592  162291.35129503  161181.2703714
  148846.41117975  148528.99865223  148487.20634428  149298.66823844
  149447.36055323  152013.38781971  157237.39678959  156605.06876069
  148813.15931115  153355.45957281  162147.91634283  164142.79416797
  158283.86564713  149082.08987065  148779.93976047  148680.81323258
  147680.54990598  149915.06507672  164534.1800063   159351.39752988
  147754.99704589  147696.97256381  148283.79924061  159588.50915072
  165464.46412167  163450.8401836   148174.36841312  152738.2595277
  160735.26012433  166775.11448835  167527.92513072  164885.03336771
  159172.57732288  163710.76829761  162165.8980237   154494.61627465
  156874.82272454  154457.23987741  155698.0171393   153384.48577899
  155077.96486992  150468.63988801  148039.81317474  148462.76221215
  148394.45197238  147784.95173801  147342.15324288  154001.23584918
  147460.34634146  147641.1923037   148138.92874073  147953.3610889
  147632.99629863  152566.28378978  148694.07757211  147499.43297777
  147975.3575996   147973.85510702  147873.84762086  147862.14718287
  155066.81722683  149076.64599079  147506.4863011   147300.27624941
  150597.37802149  164952.85929879  153610.46017175  149468.749898
  148445.16710638  149771.45434144  149858.73322073  151262.87574234
  160428.69915884  150282.768166    148162.69976171  153588.16254773
  151257.89920073  161294.47327167  148762.44881337  149278.07972058
  151279.95156649  150527.91709749  148480.06361254  149391.30472584
  150009.33903363  149077.55282819  157340.79661055  151102.57585983
  149151.64689008  148880.22497676  148537.61724751  148342.77860114
  154897.40648383  156068.98422557  152740.97028541  151423.87021292
  150576.15243542  149650.68986307  151334.11703462]
[ 2007764.03513709  2015495.07410135  2039018.74956619  2007029.37807227
  2008056.28894406  2014511.7595485   2023767.05761032  2022599.55281284
  2022073.13663958  2020651.23784666  2022290.41922428  2019320.31476831
  2017947.7765022   2015445.87103808  2013650.48506226  2010360.47373572
  2009114.31635573  2014173.50028113  2016055.15937799  2014557.14682695
  2007932.38784293  2007411.90888433  2037268.01423954  2023784.82621609
  2016760.8387097   2010368.6977946   2012137.87369767  2013195.27036521
  2010097.60702574  2005761.96661882  2008695.7322942   2016644.85737088
  2011576.8790056   2008566.00150398  2012988.13774499  1996846.37732428
  2001944.10876158  2036541.82979496  2044255.02588221  2014637.31659248
  2005636.01964284  2003918.38521111  2007322.02276602  2003737.33820108
  1999900.57777514  1999082.94885027  2005599.86133711  2020426.51479547
  2018812.35186028  2012566.87904443  2015040.31103065  2016946.35750033
  1993282.52481589  1991227.00642262  2018248.85790677  2012831.47630891
  2003041.48035611  1998756.58078244  1999519.00230587  2002076.51017364
  2000490.76741821  2017317.8592798   2020961.36124736  2017907.01285228
  2008472.0030643   2040917.96349117  2059060.01453039  2010741.10737826
  1990615.10540075  1991186.98357743  2009131.66584576  2000655.64016274
  1998868.87277491  2014889.6710221   2022413.85824181  2022158.51075352
  2011199.49054401  2060845.47457161  2058700.38935055  1995279.77017472
  1990860.36525346  1990792.43271448  1994745.33002426  2000784.15055896
  2004702.39698071  2004229.78196387  2002007.93703716  1998813.68405534
  1997134.03763741  1999329.26277972  2003153.56857206  2013541.06797086
  2019795.24195605  2021610.84691478  2017844.2429084   2012568.18149146
  2014907.92456033  2040370.33384202  2040551.31500449  2057548.3577238
  2006326.45349732  1990883.58488775  1991491.98542885  1996667.94588334
  1998347.91764863  1999519.53237161  2000565.19652149  1998579.71194257
  1996098.01367358  1996266.03763161  2003060.20243993  2016607.94528262
  2010821.37068645  2039794.69195589  2014623.0764437   2003268.60263463
  1992275.04291588  1990706.86670995  1992624.79522614  1997215.49734245
  1997407.46554299  1998470.69521316  1998964.42969372  1994996.54746997
  1993455.88985096  1993887.4367084   2009977.63256344  2019816.10033828
  2016065.06878398  2010137.56291537  1993188.52491076  1999693.76442462
  2011585.8676035   2008195.94312504  2000474.0559562   1993140.6068045
  1990859.90785178  1991760.23475651  1993967.17142856  1997365.44593251
  1996627.03840528  1996249.23935662  1995782.28705513  1995491.60059094
  1994065.16237925  1993158.36191486  1998671.11903594  2001000.84079683
  1995971.48691254  2007894.32071679  2020348.48463009  2021286.01403304
  2016467.46113834  2010273.15799806  1994774.66478301  1993526.78785042
  1994281.39330177  1995293.56013051  1998115.52266364  1998533.45509258
  1998174.65697577  1996193.4659492   1994760.49406813  1993878.72671286
  1993410.87866478  1992742.40472448  1998127.02566865  2002203.7823393
  1995623.55282784  2006317.43805272  2019667.89418018  2017915.92318534
  1993496.8757935   1994022.17436721  1998576.80173636  1996491.54966224
  1994157.85778651  1993068.29675105  1992912.01895298  1993324.3801354
  1996646.24882367  2008524.59896852  2019428.31084582  2021451.55055757
  2015218.80829904  1994280.98635755  1994462.30712216  1994383.54511115
  1996138.5224033   2003408.53362935  2022094.55219897  2016618.39141537
  1997029.82530212  1997476.37953516  1999638.58691519  2016023.99154429
  2023393.21511203  2021376.71557493  1998773.21095121  2007538.41515381
  2017375.56632171  2024837.49958418  2025956.78159234  2023069.25866102
  2016789.16694707  2021828.07042659  2020158.55068524  2010894.20522852
  1991181.72359041  1991968.32508947  1992036.93203963  1991957.64941883
  1991204.97308034  1992489.46674771  1994839.25327718  1996647.99996891
  1996427.47023663  1997523.78594854  1996971.39361523  1991504.30852856
  1996423.22551142  1998021.51720029  1999903.11205856  1999276.07307509
  1996654.41291454  1991563.4717183   1994347.42860523  1996406.6041337
  1998780.3455571   1999345.832437    1998241.43432686  1996292.00184536
  1990987.45287285  1994231.25283171  1997660.25679332  1996885.81687042
  1993026.12930218  1991562.65427373  1992363.33953577  1994220.45903868
  1994660.47364989  1993527.40067565  1993205.93524443  1992572.8619933
  1990940.96584972  1993466.61649312  1995511.64757864  1992044.13389942
  1992084.48327211  1991352.91134958  1997801.87604951  1992806.50463884
  1991753.62005069  1993089.64785571  1997687.7395421   1993446.28627976
  1992819.00550647  1994899.04330144  1991226.68488387  1992077.14592958
  1993294.70994337  1993556.3911661   1993534.44770839  1994368.02588307
  1990888.12238823  1990664.79607962  1990548.78414071  1990825.81273794
  1991657.75055862  1992663.9134841   1991791.10483118]
[ 481861.92345016  488163.17320839  508051.51356625  481347.70117846
  482252.84341169  487324.53359648  494951.86356451  494098.03524596
  493636.58458673  492284.79922378  493608.20248492  491018.45364865
  490008.76972332  488070.9500733   486573.90193966  483954.78194759
  482886.43003368  487019.89454774  488617.19753052  487443.32993547
  482209.81604852  481815.67169017  506684.23102366  495112.47358807
  489122.28917995  483854.62873729  485238.31904614  486062.84349142
  483609.78178862  480201.9994139   482441.38742878  489095.22175824
  485003.78705679  482399.90500905  485941.86169861  473382.08733362
  477478.7791222   506222.17449238  512335.3441182   487337.74802381
  479883.70159258  478457.71718448  481232.68111646  478418.04903922
  475549.3735934   474860.04489418  479976.92334834  492029.17611896
  490828.8560491   485871.18937546  487691.60024693  489321.27011769
  470903.4056311   469585.9075806   490506.04748569  485757.89887912
  477678.1373931   474181.42457149  474828.4054947   476959.41459073
  475795.21105461  489617.70216915  492566.48661004  490181.64759337
  482337.74858149  509597.34510453  524653.14635108  484470.64892763
  469660.02209357  469157.19848839  482546.0118119   475531.72777267
  474267.38860604  487434.93858744  493678.37653696  493446.64333383
  484657.96323741  525979.55516538  524432.01950877  472252.66928953
  469502.91823157  469969.60790731  471320.95532732  475889.83062219
  478908.68945005  478517.23756786  476665.06283504  474181.98945044
  472844.49031296  474638.79630633  477719.26264996  486229.08679535
  491431.12141037  493022.72505148  489992.64957356  485788.14430797
  487729.94754007  509193.93343737  509303.5659899   523543.05872419
  480871.75752041  469930.98743194  469392.52996594  472886.83710258
  474164.43430263  474982.24398893  475781.77856545  474096.53512137
  472067.0969506   472172.87824212  477584.97334498  488794.2320881
  484307.31643507  508726.95700033  487547.35018813  478229.05414377
  469779.29472616  469448.28707193  470143.12480282  473406.56845636
  473500.7625436   474578.09665078  474896.22337247  471344.02061388
  470157.75776748  470916.44663515  483449.54687749  491646.04327346
  488548.36897612  483775.17372301  470780.00750616  475432.15029651
  485108.08276202  482281.32395955  475902.91910981  470145.73800908
  468758.85385482  469422.84543659  470786.23616819  473417.73125449
  472894.38717922  472920.30964605  472521.04574066  471876.83241539
  470679.17634591  470419.38860398  476464.39575365  478745.55173243
  472794.62349639  481926.95691995  492160.2285715   492896.4026418
  488964.98961266  483979.78735115  471222.33891709  470327.82128638
  470904.4091221   471478.05625272  473792.32196489  474054.43879127
  474037.35968434  472457.7321556   471448.92125147  470587.48791655
  470336.15086313  470171.49061621  476096.75833001  480051.60640486
  472562.30032613  480426.64898645  491409.33247916  490071.85510678
  470193.27759121  470570.70302676  474120.02903432  472519.15694584
  470742.27901134  470143.84427511  470491.44960824  470767.79131588
  472631.35189357  482159.08337093  491165.49213562  493003.36754659
  488074.13445105  470808.49401868  471031.48497594  470883.11033267
  472105.49147007  477885.84417862  493449.86426831  489183.20149106
  472920.45556516  473202.39576669  474889.90686776  488468.21037816
  494554.87102567  492895.10798796  474117.64299286  481474.21961421
  489549.81442106  495707.09384747  496593.91449508  494238.45598826
  489229.62752704  493278.19794126  491879.04939208  484344.21306725
  469150.19994546  469433.44015774  469529.25974871  469232.09291909
  469121.23803989  469681.53942168  471609.23388948  473179.61830538
  472890.18446032  473697.53327677  473118.03536162  469454.9773159
  472825.45946516  474034.06219987  475646.72973454  474881.06436728
  472607.1573115   469435.31743546  471230.68904939  472658.34258648
  474525.65442171  474971.20087511  474051.13398214  472536.6000231
  469324.39219801  471125.72033501  473737.88404181  473180.28218299
  469969.1174957   470733.01733173  470047.72504597  471013.56420588
  471511.24846987  470668.02063768  470385.8755385   469788.88746434
  469723.36200037  470419.1952172   472005.68406551  469796.42913418
  469503.94224801  470192.96033028  473461.77654394  469646.92925969
  469003.66654172  469784.38047508  473366.17702408  470280.39278107
  469796.91579472  470883.24798444  469534.76490262  469625.9429789
  470341.6914592   470395.15312976  470240.51875216  470667.42678341
  468556.79756015  468859.58136442  468682.16265222  468745.91182113
  468989.44267513  469681.97584767  469155.33360909]
[ 1089127.45623378  1092533.19700029  1107985.88523893  1088995.3272888
  1089289.28698258  1091962.40369914  1096201.44559874  1095695.11084214
  1095476.02060935  1094764.69886317  1095526.20898502  1094289.31016453
  1093574.71534992  1092333.43544783  1091531.64754767  1089962.469253
  1089716.16009697  1091969.5698481   1092788.68639124  1092125.07513678
  1089124.45360877  1088925.09676357  1107155.86584376  1096183.58087557
  1092990.28971272  1090549.54881274  1091311.81057229  1091519.34235881
  1089983.56246031  1088083.57786409  1089332.58636724  1092828.71072749
  1090483.70075563  1089489.8515065   1091547.35126706  1084870.4432396
  1086778.56231555  1106838.7294093   1110311.40521727  1092129.6159424
  1088552.48488541  1088026.28347238  1088915.33434261  1087340.55428429
  1085920.37398589  1085637.38486025  1088108.49173529  1094703.9880577
  1093884.70838057  1090896.38675726  1092365.29116334  1093261.23012696
  1083942.44979416  1083925.33613898  1093774.53085049  1091390.81249031
  1087401.19307178  1085961.50526452  1086157.79178238  1086823.13443602
  1086131.3374856   1093267.97643022  1094863.43754311  1093400.90026429
  1089494.85916677  1108873.55259452  1122272.05920633  1090619.86589764
  1085290.92986531  1083917.08813013  1090001.8616994   1086607.77591064
  1085831.71249658  1092507.25791611  1095786.76265427  1095524.09434603
  1090602.06463425  1122805.00605972  1121825.2041892   1084524.22211498
  1084401.80476873  1085355.12722688  1084293.54112021  1086325.25402282
  1088013.75770625  1087776.56902239  1086901.54436529  1085754.15235343
  1085348.15964304  1086081.15895707  1087583.90241299  1091936.46056763
  1094671.24527145  1095194.84388677  1093384.7527887   1090938.47539205
  1092227.14836303  1108487.79980373  1108606.6266462   1121444.37724714
  1088776.95226017  1085456.27295453  1083771.78790544  1084819.44811364
  1085312.59700301  1085728.5107871   1086071.03020409  1085560.00571266
  1085033.59575571  1085248.39593095  1087422.6546319   1093424.61355225
  1090180.66623124  1108301.71796305  1092404.1260891   1087588.91179991
  1083941.31924823  1084291.12873153  1083838.33056509  1084922.04612935
  1084986.89109554  1085065.3806148   1085186.86063263  1084587.53004928
  1084803.97116048  1085353.08286156  1090423.09400794  1094733.32037006
  1092504.83126224  1089883.09074128  1084047.54850536  1085864.04106227
  1090797.81632806  1089573.49177672  1086615.02332744  1084184.024782
  1083921.70070844  1083847.15511073  1084231.5361709   1085142.78995517
  1084805.48120112  1084390.72747976  1084335.05639283  1084452.19285037
  1084389.56501892  1085267.40643507  1090038.29205184  1091117.22426531
  1085386.74105948  1089295.60943418  1094838.89141523  1095034.27840543
  1092674.49900352  1089941.00798458  1084541.49125805  1084153.67021425
  1084343.85216835  1084832.29774671  1085735.30530414  1085660.5290212
  1085186.02148456  1084634.93533757  1084298.58804873  1084389.67954106
  1084652.20622648  1085279.62230415  1089843.61716884  1092184.27257828
  1085536.80131631  1088527.54512613  1094458.20902678  1093420.16601708
  1084126.34521605  1084488.44184892  1085773.15096292  1084853.79851651
  1084545.15879897  1084677.96825772  1085278.24353579  1085256.78492416
  1085119.53417743  1089551.99869077  1094330.29002141  1095080.69906482
  1092262.71135927  1084506.90724987  1084558.97152036  1084583.66956888
  1085122.57939395  1087784.73789435  1095395.89984991  1092920.10159662
  1085234.54491365  1085478.78751004  1086466.83353717  1093124.13191044
  1095985.31055581  1095072.60055234  1085985.00554804  1089416.79717486
  1093667.24345423  1096834.39769696  1097244.80586285  1095896.99504497
  1092948.26508688  1095395.89898292  1094546.63235035  1090318.65241347
  1084602.28381107  1084378.80337465  1084619.2422684   1084267.87618269
  1084302.92514264  1083987.85388236  1084271.04204438  1084602.72378451
  1084602.12536137  1085006.04862815  1084982.04566477  1084104.65298525
  1084867.14393375  1085454.42064469  1085932.22987376  1085810.47758097
  1085084.70707917  1083891.96185657  1084160.23961861  1084899.70920845
  1085917.9464403   1086012.22196018  1085532.89940031  1084758.49312356
  1084228.19908033  1084149.79213117  1085277.35864919  1084981.36058831
  1084164.34738595  1086063.95737785  1084247.03622581  1084240.89425121
  1084202.19472904  1083962.4663962   1083890.57411128  1084001.17190628
  1085215.1631421   1084398.74299418  1084578.16514208  1084179.36539711
  1084029.70942012  1085321.19003573  1085620.63427641  1084328.30643768
  1084349.99305166  1084698.63337716  1085560.0437491   1084758.79610389
  1084706.50023337  1085105.77043273  1084676.35666785  1084086.69447472
  1084438.97218813  1084747.87815324  1084506.99435512  1084582.16194174
  1084392.32252292  1084573.38408577  1084188.73395879  1084213.76202147
  1084371.7894954   1084048.40924568  1084135.47426566]
[ 779738.45720427  793322.10997854  819860.90567479  778646.68812109
  780310.33654362  791598.83513827  806951.7339517   805340.60774123
  804521.63766378  801755.92207039  804368.45412627  799757.18092084
  796897.89758679  792172.78088564  788986.35762744  783261.54527465
  782257.45918965  791143.97493028  794368.7550727   791957.08456273
  779860.44478365  779087.09681409  816740.67325695  807356.75773921
  795388.38671189  785294.74466492  788386.68894767  789145.93263911
  782210.96592567  772686.17101638  779706.25443856  794163.48808896
  785274.00969777  781270.01123787  789351.62473625  756373.71125781
  768460.31551075  816188.8347967   828836.14003845  792119.06654725
  776297.25447374  773238.35076538  778042.95746235  769101.26246946
  759408.71375134  759056.27021918  774108.6903185   801126.39263726
  798045.72576028  786750.21761483  792684.93140831  796239.14861078
  746465.61146718  738893.02355229  798476.83073348  788955.39328385
  770680.16915225  761424.89613688  762810.59133683  767121.0441851
  762008.21210229  796296.758526    801875.03529491  796204.67498857
  780881.26957828  823688.11357241  840855.78270932  785667.99531845
  730566.33659932  739469.71882062  782514.94925235  764688.18511939
  759995.76386363  793151.65059588  805533.18415823  804288.27535814
  785877.33160359  843731.90825996  841347.37084167  752730.15206101
  734490.70858248  730300.80323634  750408.76033804  765073.83071199
  773229.8948411   772110.00414587  766534.67253372  759117.69370058
  756483.56022082  762219.29592483  770744.09423402  791033.74905023
  801566.79222096  803291.99198705  796410.53125976  786659.06549999
  792508.48688776  821946.25026103  822874.3652668   838568.32152016
  777476.64888327  730186.28176566  740063.5982875   755621.75502562
  759159.11147416  761688.58907342  763110.37711561  758436.27929144
  753705.94017632  754659.31275735  770176.40170836  796717.42588405
  783348.27928273  820989.07670369  792663.38674696  771789.61379064
  745276.46995198  734322.68202046  744649.45871959  756914.3165804
  757087.1050405   758247.61022429  758601.53720136  750457.43252453
  744329.87441264  741096.43567357  784415.45997752  801777.2730981
  792769.19506757  782060.09794057  744376.47811472  762500.0148711
  786953.96365253  781233.37062885  766353.34774448  748121.3409097
  738678.65317307  740527.64026089  748249.62094893  757287.67071276
  755472.0060152   753182.04627348  750482.54188519  751172.63075683
  747348.35044155  738730.14884643  734294.70881782  736618.99323627
  747838.96877285  779310.49268421  802259.08263774  802810.55414266
  793748.61439966  782949.12610032  752349.12925446  747995.46186484
  749524.94009042  752774.01197232  759833.49202421  760046.95083766
  757681.8295167   751731.24805314  748396.08294164  746905.97630764
  744721.44751988  737936.42596282  733275.70464846  735605.84700794
  744751.14728081  775682.26176424  800816.27509043  796756.15238839
  747166.95900772  750113.33714664  760795.67151383  752987.34564611
  747874.73535017  743029.82708577  737556.05362698  738894.68047797
  754564.93867634  780836.40393495  800390.69355175  802903.85296
  792900.65477113  748368.18727577  749260.78376046  749233.72240798
  755065.9216281   772039.08561135  804027.20854006  795374.26302371
  757089.50092793  758428.74790763  764416.87182389  795464.06864088
  806432.24507065  803471.03241005  762090.33290644  780286.74491207
  797596.77395807  809411.69280539  810886.48430391  806340.61058356
  795692.49560041  804505.1909958   801593.26450172  785263.53861065
  734756.59398774  738310.8658152   737010.16314355  739176.79725243
  736195.46619855  743380.37830579  750730.39648203  753448.22267418
  753374.26408391  757533.69803007  757261.91997717  737550.47439599
  756134.12764396  760169.4076375   763230.44904796  761927.25904836
  756582.04854324  739182.67877406  749138.16369177  755929.38760018
  762066.41847105  762703.52828018  759356.62414238  754100.66719227
  736015.9978034   747934.4828254   759203.8552601   757382.02216702
  744139.91099931  729317.25691633  739970.65425844  748146.59711942
  750320.915186    746099.23033471  744725.4665479   742170.59951811
  731752.48941588  746553.4848037   753450.54431435  740345.64754184
  742896.52850565  731967.40467553  759296.86746345  747822.39893592
  744613.05672414  748780.78930168  759207.04595462  750619.07523658
  749092.06046485  754387.34611933  735453.3039686   743038.88158281
  748951.1349174   751245.37592788  750936.01874365  752349.01722284
  737642.50463363  736619.50432327  739892.7988265   742425.71990974
  745304.10600982  745864.140948    742529.6601107 ]
[ 577321.06278702  600170.09105323  643608.75007402  575332.53626078
  578253.05378183  597476.5217382   622768.72676126  620066.10980845
  618751.28867676  614436.51822614  618676.91951538  611210.71868336
  606587.06156726  598815.8845689   593551.64116613  583818.31936825
  581660.97331222  596592.19999118  601937.96905936  597858.09901363
  577419.08820055  576055.87690885  638659.4924116   623223.67660286
  603737.37899879  586701.01866243  592003.86368248  593527.79760616
  582107.69295015  566079.54806416  577889.109739    602111.93626689
  587219.97765477  579940.52269644  593645.26476636  536651.01372331
  557766.41259549  637625.47694756  657801.25555193  598228.13223436
  571478.04172578  566164.14370471  574803.84879533  559805.87195459
  543038.6855302   542222.40401331  568211.09179022  613474.71534645
  608482.23404472  589655.62706721  599145.11239821  605018.75865779
  518790.15194567  504924.75650429  608514.12510791  592965.66561045
  561967.58215915  545866.0443026   548349.33396698  556051.98387019
  547395.20519916  605341.14689569  614774.08458449  605471.15144239
  579323.43843568  649645.58159001  676842.33921984  587176.59938951
  489268.87621174  506104.37147041  582202.48258339  551812.2623136
  543572.99830936  600061.85968458  620426.22130678  618673.01715491
  587775.87197115  681392.38100431  677492.39773114  530001.58941073
  496649.54103382  488700.5026577   526247.78866366  552291.84535907
  566499.42114107  564691.62985727  555196.65095844  542179.18650476
  537334.93675086  547338.67993911  562200.57161615  596533.94106776
  613921.70176769  617016.77664812  605795.33875631  589493.60275959
  598851.14258601  647005.76434037  648436.82267721  673209.41135657
  573290.00725722  488354.29825     507123.73150119  535647.62518561
  541926.13573468  546498.94336126  549100.22583569  540918.08324776
  532364.1492716   534091.06817762  561379.89386236  605806.46915487
  584003.07424061  645461.93640843  598890.56592973  563589.46707284
  516499.81372205  496194.1100942   515608.0438877   537857.19707736
  538282.79536973  540337.86118263  541125.31972378  526573.96229247
  515725.6209879   510126.51023535  585444.35696434  614188.43794877
  599839.98491576  581831.85126773  515380.56377242  547819.76240596
  589439.49910711  579684.08686465  554121.47460629  521712.25583699
  504436.91829759  507942.81590047  522292.68943702  538560.99389898
  535347.61895789  531255.37288649  526475.28761512  527660.70677139
  520775.33504538  505482.78332177  497949.56843578  502663.90298735
  522545.1517112   577029.91960487  615040.95319579  616187.15741624
  601439.31851825  583252.46135224  529619.75944937  521698.00856342
  524553.01489668  530464.97516565  543037.63183957  543508.86229449
  539435.69957365  528870.66987848  522739.20531272  519853.12607039
  515772.86298645  503629.53739805  495828.28469948  500708.81456727
  517078.38775896  570926.86012732  612731.70543353  606327.39324154
  520391.97122055  525543.36632954  544745.21421432  531093.2819246
  521610.76536131  512763.61533994  503174.97655194  505932.16210712
  534216.10026851  579514.4557442   612048.19462513  616366.12640936
  599689.66677924  522626.97065722  524066.95109161  524176.53934595
  534628.920083    564299.26668371  618204.19558671  603823.40643518
  538171.29056612  540551.1226735   550942.80689544  603752.77044524
  622076.17962868  617201.41176429  546959.31675418  578284.35121827
  607315.5952691   626740.46819134  629221.9707567   621817.25897338
  604309.85226396  618702.08318078  613939.2512185   586828.67269946
  497611.8098453   504476.99282422  502142.44612164  506236.0013876
  500275.29478273  513585.11074457  526678.62212281  531752.9866042
  531766.5925213   539067.09182274  538528.01725486  502808.42438109
  536269.87072259  543396.30843917  548830.54371627  546678.4098791
  537264.45607834  505756.64110407  523914.44199793  535972.04120786
  546678.65607969  547916.4738566   542121.22980086  532831.69230212
  499842.6121531   522006.95279116  541723.43404918  538526.16675942
  514822.4300724   487050.51230218  507556.69683504  522454.17291103
  526093.22452701  518538.47149543  516056.70273881  511312.84423433
  491699.7257661   519500.81342598  531704.1358683   508048.51055639
  512631.41258658  492030.45918947  542217.1603816   521386.03552631
  515483.29360742  523062.53193294  541976.28848742  526232.46257755
  523412.418438    533116.87012706  498725.51058217  512777.81352843
  523424.69810951  527408.24252598  526843.70597852  529551.56834656
  502956.27639834  500800.99817495  506653.24688184  511272.3928285
  516671.05794491  518026.55374193  511931.71103902]
[ 1002609.00399664  1013873.54758489  1036484.84319098  1001828.18570218
  1003184.00304327  1012276.50404258  1025052.85303289  1023768.39610037
  1023049.19247147  1020537.04001506  1022730.60298012  1018785.03052017
  1016355.34819946  1012430.3708532   1009758.46920398  1005152.3213297
  1004644.12590201  1012038.44886062  1014754.03189209  1012790.88321757
  1002862.21426045  1002222.8755205   1033780.46503009  1025577.89406216
  1015395.0939352   1007030.64191896  1009493.90484082  1010024.1762202
  1004181.50510182   996380.73790333  1002182.3632879   1014102.99814192
  1006810.95634453  1003837.09012956  1010522.045415     983761.20691734
   993538.5223836   1033426.69664957  1044059.04595824  1012733.3796246
   999584.27545107   997106.22200779  1000895.67639669   993367.2312848
   985554.2828032    985326.41833781   997694.68954972  1019936.28149166
  1017350.81255022  1008070.83926102  1013314.95450587  1016303.51417976
   975946.60837726   969975.85612726  1018207.85630778  1010088.01089607
   994906.93955782   987334.21716338   988472.7653116    991960.86553867
   987639.9803736   1016043.19261751  1020529.69724051  1015823.25047167
  1003534.19865147  1039778.39151669  1054603.44608723  1007752.7894098
   963702.13935778   970259.00769185  1004688.32565438   989914.97482417
   986185.49431762  1013492.01287615  1023812.62371461  1022541.65413055
  1007660.48132383  1056959.74885732  1055099.9508031    981057.45247898
   966781.56104173   963587.00098951   978607.1466555    990377.00087328
   996968.42672004   995984.97615381   991343.79146738   985350.87217953
   983322.80292141   988009.62942629   994928.11140872  1011677.21098498
  1020464.88393817  1021743.94515178  1015963.89603463  1007963.33581618
  1013205.16944469  1038231.37591396  1039071.60106415  1052738.32293274
  1001060.01496295   963639.45142505   970792.62540369   982808.32818626
   985626.49075767   987576.49434923   988679.08821386   984850.60865636
   981104.24896401   981833.66259545   994404.07514226  1016480.24158397
  1005155.02200509  1037435.67440696  1013542.4071798    996279.57750998
   974988.15209866   966542.07902393   974299.87528953   983846.72379819
   983959.70846754   984940.15685522   985104.68158613   978478.49602438
   973440.22763807   970833.94822935  1006206.12678286  1020703.20751517
  1012901.61138975  1004121.84323254   974134.53873005   988565.73707201
  1008689.00663531  1004013.74086478   991756.96441804   977082.30485281
   969667.12663515   971060.19566117   976951.2310339    984116.19544749
   982684.9916436    980908.19392515   978661.23754937   979132.45840016
   976074.00069601   969055.37742026   965708.38992922   967472.54850638
   976123.441246    1001923.07489897  1021109.23876905  1021422.42278401
  1013747.65172307  1004928.32305372   980353.54497505   976740.35297351
   977928.62640379   980420.48364557   986139.07086997   986239.50651742
   984358.27845993   979499.12126535   976936.24235901   975744.1722444
   974109.9618711    968603.06425837   964965.27362636   966802.24269566
   973617.76354068   998879.07641426  1019852.19699676  1016295.8117773
   976035.63183845   978354.18669573   986878.33482585   980494.13812956
   976539.25542049   972718.89799353   968235.5263249    969182.59147763
   981626.97472286  1003212.46285167  1019464.39083388  1021470.7972313
  1013337.18235451   976910.36879096   977750.8285415    977613.57332031
   982280.5334353    996089.7033529   1022407.09910821  1015406.28757977
   983971.73040821   985027.8592221    989932.13328441  1015489.0455827
  1024482.27809161  1022077.45015766   988001.8599078   1002903.86978898
  1017234.23094932  1027106.51686708  1028308.51755559  1024548.59636213
  1015708.76909371  1023079.12553731  1020656.5522104   1007070.93336704
   966392.74255538   968903.94651166   967853.05409536   969539.4589829
   967579.78727647   972978.09737157   978888.7474045    980993.87520331
   980916.37370832   984296.92782438   984079.66089212   968666.05018099
   983259.02204246   986509.63167152   989013.61154051   987824.35803006
   983443.28344643   969910.00441139   977521.06216145   983022.96857812
   988038.6249571    988546.26082566   985771.07517561   981507.97375458
   967512.65400916   976471.59784772   985758.9542157    984334.19541647
   973570.80090809   962720.68099519   970272.18086464   976616.62331062
   978549.01615869   975285.63185765   974147.17288265   972037.51626089
   964457.55266966   975423.44959287   981010.18483102   970749.08997493
   972716.19519143   964791.68131749   985517.59071504   976556.60938599
   974071.37834538   977365.87179018   985581.03307931   978806.59416764
   977586.12709834   981791.74109274   967434.56121879   973019.03265997
   977565.08140034   979417.74288172   979157.65888975   980221.97759825
   968998.46333051   968417.44766422   970881.01463995   972726.27741356
   974838.44130769   975297.312102     972732.76922304]
[ 352240.31056026  354723.67891521  368896.3142329   352021.64929599
  352321.51481812  354273.23024993  357692.28467838  357340.37784502
  357131.22112648  356431.5519946   357028.73716374  355938.89133605
  355349.35581357  354383.2363999   353760.67377916  352600.1539771
  352606.72528154  354273.54138791  354894.59402634  354408.62253428
  352146.32683532  352197.67964666  368527.26354023  357879.72662564
  355056.6241224   353134.81278927  353692.05261741  353683.6024667
  352302.62434428  350856.9054343   351985.62081835  354771.95822577
  352961.89311937  352515.85622458  353925.64707233  349230.61673374
  350664.94259403  368415.48468388  371012.02477725  354489.96761514
  351613.34505098  351205.93272112  351592.7311994   350190.71923959
  349249.80504394  349089.31528529  351028.55077581  356253.13803271
  355619.19320111  353272.10386318  354680.0036487   355363.30957418
  348929.64888192  349403.95292616  355967.45873441  353923.15628199
  350687.84412427  349513.78203081  349591.94676751  349977.47285208
  349369.03501874  355152.05076426  356409.12858142  355276.23475649
  352515.3907768   369755.52212819  382006.56010269  353580.59210631
  351367.30760957  349159.97970776  352753.6251728   349936.11307156
  349370.13669371  354636.51097107  357282.74629277  356979.0857821
  353289.27526697  382335.75177497  381657.07028756  349303.84738845
  350325.12150793  351528.26168262  348708.32530751  349827.07919054
  351050.13204856  350819.55762213  350036.23574476  349232.69260797
  349050.23809807  349635.27008967  350760.34576173  354203.0597875
  356401.39299441  356724.95989587  355205.15974011  353153.6665062
  354524.4107443   369498.29883866  369657.82636669  381492.94197122
  352414.89195216  351849.42791482  349254.11432     349021.10793285
  349208.51796327  349323.7893028   349461.36233087  349040.5373915
  348822.22370227  349007.36905285  350550.64338586  355453.21333496
  352489.42466335  369421.5280778   355010.89117929  351491.78655619
  349297.3179898   350219.87269013  348997.36687992  349221.1722971
  349104.00287675  349038.0007238   348921.09177655  348819.859898
  349107.77626721  349676.03847754  352932.79969345  356463.39221375
  354414.42270222  352267.50710543  348987.70257666  349857.92432689
  353812.45960957  352882.78999195  350844.8415812   349359.80187597
  349592.78417703  349047.67139618  348883.39226889  349325.89978972
  348997.01547433  348693.7972044   348501.21047166  348584.39782126
  348894.5391386   349894.80686265  354798.58516365  355636.70905339
  349303.98278342  351949.34882103  356524.68359176  356612.04453415
  354628.08816232  352424.95088694  349486.96397193  349022.12074937
  348882.91147781  349129.06634698  349743.47663765  349374.99567996
  348918.88957643  348498.88710593  348659.65632058  348927.60037743
  349609.21715241  350341.82936059  354895.79842398  356809.78770054
  349520.15223898  351237.24960092  356187.67169296  355273.32805488
  348813.7308199   349134.6031789   349524.85704018  348617.56621571
  348945.55583812  349568.97003638  350250.93337991  349789.08749726
  348817.12320786  352122.07747151  356128.20762743  356695.49182582
  354477.84016206  348716.0747674   349050.96218489  348982.88101085
  348978.74880032  350855.53838453  356899.79375676  355077.8650867
  349279.36347402  349411.28618894  350020.62076643  355135.19954798
  357428.15888359  356829.94623587  349635.99491109  352245.78967527
  355557.50564008  358206.10269118  358510.92682743  357540.28182656
  355075.97391975  357067.23740054  356391.99380119  352961.71452456
  350242.14272557  349706.87479512  349873.14381133  349421.42807659
  349743.92707134  348903.57971344  348766.67006528  348546.03038362
  348548.22427581  348994.2959561   349216.51835803  349526.92698647
  349211.54128596  349348.99069812  349428.81801269  349418.21987222
  349283.12614316  349293.52017874  348845.22416226  349153.78573489
  349629.57046986  349485.47951988  349048.03448401  348858.69032389
  349723.22929648  348701.56368981  349280.80016595  349088.71499763
  349155.71808623  352047.99974435  349251.20794825  348787.81537496
  348836.3509565   348767.74886315  348765.98656966  349074.63791733
  350778.48506865  348736.25183267  348866.51980641  349577.35062529
  349296.79521695  351032.64667208  349267.83238874  349194.11568663
  349682.6406881   349927.31797703  349193.7173829   349660.90722355
  349853.34290644  350048.9529957   350221.61227053  348881.74632771
  348981.80155554  349551.7200956   349576.21605796  349566.44223574
  350229.28651717  350251.71554368  349559.9029495   349576.15569504
  349826.94499828  349375.32508185  349546.15914269]
[ 262729.53010861  262326.49251424  284848.01667577  262917.16823868
  262523.08395632  261251.50305925  261563.99514268  261381.61198317
  261301.65310905  261065.36742035  261264.50236639  260884.34157771
  261105.52869407  261471.03416934  261554.01945721  261575.64722008
  262349.17850822  262186.80694603  262210.95077495  262185.66034346
  262841.41622194  262812.03628239  284528.73008968  261937.96423676
  260849.27213471  261250.16832404  260893.09464087  260837.69660987
  261660.32751469  263739.49521962  261923.62779069  261386.44560176
  261478.89996     262430.1274727   261957.30046951  268696.78969306
  264647.59384681  284265.17365555  284195.76773072  260976.68178715
  262279.87657363  263318.05803162  261946.40250829  264261.72134623
  268221.51191633  267725.81127707  262755.86504756  261166.83376077
  261367.42316991  261578.29292533  262192.21221494  262057.29076288
  274286.91571727  280754.56760149  261599.88648016  261111.38905212
  263327.22197413  266482.33295293  266027.09062771  264561.48554147
  266548.00131891  260918.82102625  261393.22285621  261663.23527296
  262505.29686025  284430.0160362   309763.37128267  262497.21283696
  292247.88730887  279735.31639824  261469.18600987  265512.44953419
  267512.47700344  260848.32247446  261303.76005247  261397.29481316
  262059.59103367  309048.88344817  308264.25676889  270531.20798881
  286311.52040143  293079.14158158  271173.73450464  264836.81950696
  262720.57811727  263091.80741035  264834.0975108   267702.67760217
  268590.44801329  265982.23363869  263453.46490965  260834.35328781
  261016.98788934  261237.20979251  261310.58779823  261518.45381191
  261898.45135533  284716.75064477  284358.21668487  309429.86130026
  263657.57879718  293469.79885006  279483.53921974  268502.22811543
  266910.34503309  266091.3965976   265989.16977642  267930.69317249
  269991.17211966  269457.32112177  263462.46567266  261064.35001371
  261730.09894191  284897.40688267  262527.07644609  264329.30879826
  274920.59418632  286278.86830141  275445.43965277  268217.22005082
  267960.62850207  267891.65808716  268150.12134141  271990.64777248
  277521.45893894  282603.84597828  261539.25802526  261097.22750617
  261458.70758292  261918.02313529  276402.1838176   266308.93341157
  262206.21901271  262927.40716669  265627.77919497  273267.7477842
  280639.69630792  278788.29580046  272878.62235107  268163.38501275
  268820.5730426   270550.72055744  273075.94131704  272010.44272042
  274817.47971504  285007.72058037  305496.38932171  307263.72290291
  277217.99424487  262293.5730987   261144.03733153  261134.07929742
  261254.96709085  261583.40857155  270847.98403782  273331.51757375
  272251.15719402  270445.46625953  267309.51221938  266923.86838995
  268166.21063623  271700.78954455  274004.08535302  275409.04232094
  278551.32428176  286556.62143746  306232.83185054  312034.8323321
  280454.13350996  262703.68641752  261015.4910772   260976.75511515
  273502.3176398   271813.16263647  266330.75244305  270595.43644789
  274833.70839634  280016.33015377  286741.763456    284862.33180298
  269807.97393226  261650.57256839  260938.82198082  261291.64275849
  260954.01634384  273658.74362979  273771.18566588  273544.89128341
  269512.76920039  263414.01022081  261200.79208378  261067.97438856
  268552.95364072  268108.02188991  265724.23797763  260967.81984608
  261257.72124198  261133.08472821  265992.9434778   262002.40284299
  260938.58406813  261635.73354119  261754.4194742   261576.23714442
  261354.29901893  261481.00963937  261471.10510169  261633.12286644
  286495.02414151  282898.43228993  284769.86351052  281414.22727618
  284208.73637616  277074.97332525  272099.14304026  270994.20527231
  270690.20201462  268371.02656069  268434.06748293  282796.67902645
  269097.12590932  267193.64586196  266453.02144517  267074.52909099
  269058.06959055  280880.70150939  273272.08518748  269282.75945526
  266781.09632579  266555.14099613  268076.23987338  270717.92426782
  284295.14609226  273878.75296855  267537.40330201  268144.92058926
  277449.31918889  295959.00897585  280945.40674953  273986.45415723
  272298.94845827  274886.65768634  276040.11915912  278660.67216565
  290470.05556591  274651.15452238  270062.49362966  280472.95781566
  277438.6555497   291116.29897328  267818.3412299   273319.99023617
  276170.7056955   273602.50216682  267307.26604312  272264.75804427
  273451.63677847  270174.17365692  285892.99178369  276696.15266794
  272475.68820651  271469.82495944  271678.20106938  270721.63034455
  283077.77682146  284127.42553215  279403.20531893  277202.80602313
  275587.39522334  274897.66244238  277516.78257276]
[ 213192.26493829  215470.52442322  237812.45650596  213112.54770924
  213205.89405668  214706.95479538  218010.18473402  217603.71631586
  217411.20849007  216809.04826712  217406.92142256  216309.30105375
  215911.73339081  215175.89495493  214641.0218822   213515.94070076
  213438.96841254  215001.0304286   215597.89072532  215101.79765665
  213214.62482148  213128.7873671   237265.45748347  218158.31789997
  215393.52528378  213655.38090221  214083.04277457  214208.92554645
  213407.42233031  212852.23234341  213089.81347573  215514.76601369
  213873.09228597  213291.68127113  214579.56048622  212449.54643073
  212311.56785265  236949.97710862  239336.25919454  214795.02289604
  212599.06082275  212482.4975425   212683.06808257  212459.26916332
  212968.97109144  212520.29943979  212429.89777192  216707.04237984
  216237.95605193  214234.43257874  215218.82789048  215846.21509205
  214053.28790817  216677.88980096  216224.16495186  214278.46464919
  212152.0799234   212217.34630579  212175.46171098  212145.48833993
  212489.22472005  215546.61924927  216940.39631969  216028.38595898
  213321.06595892  238222.91540122  257930.84211147  214206.70919967
  222345.45788528  216159.74656178  213317.68719924  212302.83632685
  212547.33017137  214854.56569449  217479.93374607  217384.69780085
  213940.82567389  258051.41871402  257072.44632961  213037.42481971
  219398.35713667  222786.82165139  212990.70086661  211904.7941982
  212370.12974067  212301.59168845  212328.38773527  212609.52451213
  212600.15085248  212158.80235216  212283.23456051  214451.00732221
  216545.06680637  217125.82969161  215866.7362667   214192.29255629
  215043.23268987  238148.16739491  238102.90216178  257292.35237922
  213372.56756782  223109.61912704  216072.47349694  212350.98545957
  212115.84079823  211993.32705487  212154.03496761  212531.0536467
  212854.33705229  212796.30808787  212119.8801524   215597.98470317
  213693.16802412  238110.99792578  215442.59498253  212710.67231564
  214334.64003128  219269.49524889  214447.76042758  212328.31031625
  212274.54701225  212368.23225641  212428.20665669  213351.7236455
  215598.73366771  218043.36195372  213538.46583113  216635.17355684
  215320.67874289  213524.26801423  214908.12738189  212248.86530456
  214284.13919398  213576.03702214  212475.36209692  213775.28387044
  216643.49928248  215786.33682708  213602.33688733  212379.85152027
  212407.67000569  212847.88539615  213735.48467694  213342.86392873
  214333.21740133  218924.94592004  230628.53668284  232129.45733984
  215986.60662365  212977.3581381   216725.21105001  217002.79267897
  215401.91941365  213436.47515086  213063.08252044  213747.61234763
  213407.91001571  212971.49665784  212372.06862648  212187.14285964
  212367.9912784   213369.23266036  214040.7047046   214633.78629979
  216049.53718294  219597.69687501  230843.86664976  234796.5224506
  217395.70467048  212598.89391913  216426.14126048  215824.03564432
  213766.81398926  213332.12205595  212067.30811627  213116.56276358
  214518.99117076  216658.41512097  219812.48349793  218951.27989355
  212834.4497944   212983.29273507  216341.58080215  217129.31887065
  214862.38182169  213988.7363437   214104.64037774  214001.31576817
  212716.79493533  212292.19451563  217297.66314905  215358.5335187
  212517.03232995  212476.35115173  212215.89115185  215389.11282355
  217746.01051149  217012.90208971  212033.80428302  213006.84565697
  215800.30447666  218428.07143998  218799.89957375  217749.08886124
  215448.98710797  217288.94380346  216663.3851102   213644.6110387
  219442.46360135  217750.96119485  218599.44203085  217003.717762
  218319.12563958  215140.37244576  213313.28196532  213068.41896942
  212940.83177127  212324.81600828  212356.47327638  217631.23751691
  212539.19692812  212176.19579135  212209.18102723  212294.42246127
  212601.52712202  216704.24914913  213732.35227353  212590.35608792
  212294.33777439  212242.40515997  212467.83436947  213012.86070446
  218292.01126217  213878.84959946  212187.14902283  212247.80144229
  215352.10521201  224406.99327587  216827.02575906  213998.69120965
  213395.01997921  214297.37691046  214655.29398621  215761.43342622
  221511.11119203  214320.46727335  212727.22140723  216781.01103192
  215394.57359743  221968.31153521  212472.19922018  213883.04165515
  215148.28978605  214401.10052594  212276.46364429  213765.27560361
  214251.57809696  213309.6133715   219387.9634412   215089.28613257
  213596.01565791  213430.84048182  213430.53891649  213146.17841855
  218044.06978775  218598.91524351  216343.3297432   215444.10544184
  214905.86931137  214457.61565927  215556.83513628]
