[ 5013.50124782  3869.80539225  3724.78370081  5583.89991862  5348.6072563
  4774.58155805  7318.78469343  7273.74827157  5944.21219721  5755.37003667
  7545.81947411  6432.53390315  5620.75703212  7725.11435923  6426.13375282
  7625.05281579  6182.14192142  6267.80928504  7291.51477702  6058.24757566]
[ 24214.23799773  24122.58887138  23801.22403524  24124.45003673
  23796.15343462  23827.89253661  24713.80895646  24156.1736773
  23332.61079761  24365.67672565  23914.25037701  23070.94562159
  23898.8942858   23269.17650289  23042.49155416  22286.80700489
  22860.02967321  22384.33561475  23019.44368328  22925.44553094]
[ 25680.73957986  25153.69409496  25277.66692432  26304.72226288
  24528.49591241  25559.92272717  24792.62213432  24385.87477594
  24714.00771369  25350.40768249  23777.96305038  24185.31124822
  24659.68393293  22740.8829849   24031.75251544  21902.28806962
  24031.90087453  22707.53116624  22954.47992059  24353.62800673]
[ 20492.82994531  16085.79741557  17401.12660369  21159.1826923
  14121.20626975  17828.80843428  13551.58366923  13127.12933858
  15161.22819986  18372.65533046  12536.20534144  14602.75914265
  16259.75086436  11664.91447565  14585.89884296  11008.6256639
  14726.70750258  12039.23305489  11924.13329226  14832.93223086]
[ 5154.66049214  7091.99729853  6517.91304091  5886.74943771  7802.41603532
  5484.56021074  9433.58333751  9057.98470094  6331.74360367  6402.08503001
  9145.10516268  6164.1474188   6238.33136994  9028.47327218  5956.02139926
  8337.7599862   5438.48468837  7297.11596478  8452.02489952  5806.11669512]
[ 21676.2588882   25800.13556303  23272.94960556  19670.35024418
  26221.00455204  22846.72781004  28034.36054036  27360.38305837
  24143.03287117  23969.43931071  27851.19543631  24169.97424768
  24817.70004353  27979.04570608  24138.4017708   27032.69451011
  23318.04906958  25587.87952113  27003.66727164  23225.29487577]
[ 4827.20828319  2735.32290199  3704.24625491  5796.99062451  1573.73110282
  3723.20083528  1976.24592219  1916.72458941  2554.88657971  3351.1053142
  1872.05901096  2630.24197056  2423.08151097  2045.59812658  2651.87770624
  1967.69365749  2638.81029459  1520.38085391  1663.35761814  2678.4904097 ]
[ 17874.60043589  11370.20430837  12879.68079148  18324.73871753
  14033.70675705  13809.96238739  17914.34099692  18252.64395716
  14753.18256303  16974.74782255  18501.89137762  16141.47740398
  15131.65563686  19356.88380694  16638.07381776  19454.8683658
  16375.338516    16929.39981119  18477.20972826  15780.81996415]
[ 5176.77693162  6245.54081389  5409.65055332  4998.47920093  6670.01467241
  5541.55708324  7731.87481084  7467.82602842  6009.83543431  5541.67484261
  7727.67906721  6017.63396388  5860.8273282   7809.24212395  5952.82828603
  7465.2843056   5732.38488785  6581.56784253  7369.59206062  5789.97899404]
[ 12754.47114985  13479.20731629  12965.97702895  12745.81380818
  13215.55361254  12665.02463505  14369.59873477  13764.89744228
  12412.61238198  12970.05344224  13673.81483816  12053.05150047
  12828.81723741  13137.00352358  11922.70488889  11948.66637389
  11774.9028796   11843.3783696   12629.30534664  12045.29010967]
[ 12632.70830567  14719.48859698  13520.16196594  12866.9042729
  15087.01623713  13538.67518569  17467.8906658   16595.0875444
  13899.47627018  13690.67959796  16807.04546762  13729.7213077
  14029.4464481   16276.9738414   13465.16184294  14772.49261812
  13086.89348427  13756.02240362  15327.16021682  13221.89596673]
[ 23492.25300512  21787.56177543  22160.61734379  23423.94723759
  20742.05215778  22267.62357379  20576.28952894  20181.09643549
  21002.8153646   22864.92828966  19757.6684843   20590.91553368
  21849.98050183  19058.8415523   20644.74199206  18355.97026914
  20654.47421983  19156.04155307  19173.18857374  20740.36395832]
[ 13785.68677921  16151.13318766  14022.12408545  12508.8343055
  17308.07440517  14658.34176002  19727.09866386  19143.83204836
  16121.81118331  15360.44738782  19766.58755411  16120.59365373
  16063.31247606  19894.10373185  16175.35118619  19067.99269811
  15689.64659748  17107.00936367  18917.41719357  15859.21152393]
[ 49127.48072514  55948.69895867  52920.80788452  47675.16095628
  58544.29219972  52701.39207552  62179.02236378  61547.83422772
  56337.0813118   53030.45049694  62576.49376484  57052.8352032
  55385.36468302  63062.72777524  57013.27702262  62426.24946316
  56410.84994547  59678.54898082  61882.37308445  56370.63513002]
[ 14432.66075763  18380.30295014  16227.83616333  12974.12036773
  19251.74735621  15988.22875901  21210.85347751  20606.64396262
  17520.23946168  16641.23306679  21099.75128846  17616.43945065
  17610.45129249  21248.26210865  17585.75345858  20454.04375251
  16992.20533549  18966.18371626  20374.38779713  17006.27315038]
