[ 73633405.84591523  73955575.4106705   73951788.07493867 ...,
  73583096.53047463  73555190.57393354  73544642.04399724]
[ 3702507.0219399   3704486.99776843  3701004.28752766 ...,
  3701033.15309793  3700900.52216625  3700577.45820029]
[ 3977799.36384368  3981267.03875104  3977867.8666904  ...,
  3975745.04503238  3975430.85655354  3975020.24326585]
[ 15662970.91042556  15693743.08195955  15685779.0558176  ...,
  15653124.21987997  15650839.2353678   15649619.68850762]
[ 40489281.50119083  40667293.15631306  40664542.52479687 ...,
  40458342.14458344  40443080.71605295  40435846.6488449 ]
[ 31988728.78996626  32182762.71009003  32192819.57197123 ...,
  31972608.83590028  31954085.81158528  31941256.36945632]
[ 56882662.39685439  57070369.34793233  57050075.62341596 ...,
  56833126.86036784  56820167.46019246  56818696.65473749]
[ 20887080.73849048  20973557.03036053  20975092.86769252 ...,
  20880466.37123588  20872671.26110004  20868924.26551116]
[  1.23371121e+08   1.23991657e+08   1.23980193e+08 ...,   1.23264399e+08
   1.23214738e+08   1.23186509e+08]
[ 4179780.12114896  4179832.08861186  4176712.20137982 ...,
  4179884.23155868  4179735.49719153  4179117.54068989]
[ 2118809.15333226  2119982.68075189  2116505.91660194 ...,
  2117011.6103751   2116915.65726856  2116606.05832426]
[ 8022420.3415102   8026789.22668752  8021376.95706422 ...,
  8020139.57765459  8019897.29829864  8019560.59917296]
[ 59542589.40021461  59859363.87820336  59874281.98099273 ...,
  59536074.9648988   59504346.25093654  59483630.38709738]
[ 69990893.80078301  70641746.29737723  70681877.94147693 ...,
  69918688.25020367  69861192.81453529  69837509.78775366]
[ 50188968.02268591  50503275.24489929  50517065.41541773 ...,
  50160534.54590154  50132391.0580349   50116133.28731443]
