[ 571588.36335815  573229.28645515  573397.2721991   572789.87478021
  573455.4780573   574092.59840618  574228.60699047  571900.55959935
  574195.38985313  574978.18341619  574296.27391198  574177.64299088
  574342.57949501  574126.13356846  574030.25288472  572215.53813115
  574558.88662355  575340.98039728  574763.6251494   573888.54169639
  573055.52613081  573140.87460791  573788.72452603  572171.07698828
  575224.98029298  573103.63610322  572183.00008999  573462.60349601
  574328.46344844  574911.49343131  571735.58774363  574029.52482693
  574500.56632376  573501.95903708  571909.6564936   572318.77695037
  573118.69649149  575132.76112163  575666.52764935  573143.04274791
  571357.67428499  573300.54863529  572464.40157596  572509.37195332
  572910.92057549  573377.97007734  573905.78350254  574194.8980741
  574527.25354407  573544.28185154  572245.30969005  571030.24358193
  572194.37326184  572634.69822543  573016.46229854  573837.25107801
  574385.50990544  572788.06458567  572600.20841685  572985.05921878
  573332.57496569  573818.2276791   574380.3041168   573674.75716026
  572590.102507    572198.4788044   572478.06024367  571347.71215348
  573831.7591248   573332.45655843  573632.41655688  572629.61887773
  573266.81069673  571533.53880766  573501.77256456  574586.78963652
  572629.34885545  572205.51086265  571748.73242814  572275.88219664
  571756.17266629  574654.11762561  573130.69415006  571890.16620194
  572439.23753086  572424.77544393  572129.1508658   571594.02681815
  570991.7516253   571207.19492581  571699.86251865  572091.78977967
  573080.27282702  574847.356218    573272.26686052  571837.95475108
  571707.43618486  571701.85150217  572088.16019293  572293.55464594
  573425.05187435  573621.92500473  573419.3612651   573132.01355499
  573175.33636226  574181.91143236  575681.42934146  572491.65278917
  571904.05979425  573337.3038159   573972.40192736  574971.74219199
  575465.23391575  575051.41493644  574596.463098    574454.10225284
  574603.47895742  574469.03952303  573103.05786038  571766.26285647
  571663.14174953  571811.27327173  575916.02164846  576901.38236394
  577120.29400849  575856.60385697  575248.15500437  575903.98905471
  574086.8824307   572300.55806715  572101.85549154  572027.62534487
  572502.09885842  574045.46955758  575519.77127411  577023.27185199
  578066.61021188  578452.08919543  576180.3353942   575455.89470746
  574833.29324407  574837.37379624  572408.36141502  572138.75644136
  572277.79624754  573192.92894055  574743.90076441  576213.32482389
  577558.50241982  578876.83727997  578143.4443091   571872.04216523
  573058.33659817  572565.0625032   572223.96258947  572383.65293935
  572966.71017264  573997.63158785  575247.4354441   576517.94553428
  577648.50927124  578462.54099163  578978.9101104   578810.19447611
  577191.335065    575977.87360771]
[ 108827.73174572   94494.60566838   94109.93223038   98884.03839737
   95149.1929812    96595.46969589   96077.55797108  104449.57982656
   97144.96542707  100941.90637889   96063.34518847   91116.10675109
   88827.55320422   93761.95032747  102562.51891006  102628.45353312
   97677.09205186  100224.42497978   95531.87443059   92696.20156334
   93855.61092037  106677.54497239  113477.65048904  103979.42430309
   97241.81380014   94201.45447819  107768.08009249  134729.09249044
  135363.05286923  128059.97033308  105721.41729093   97063.17307766
   93988.54716591   91661.36770442  131719.94033506  145435.92767222
  145715.18724358  144110.70353787  143804.0086766   112907.66771448
  109209.97937811   94516.50024528  117964.18799506  139033.00543066
  147849.47163735  148225.78536923  147274.95442341  145835.48790906
  144164.02932584  133662.92860205  123828.73596984  127731.56274728
  101898.18588964  106969.68249726  126428.32358197  134659.44929074
  143103.72074081  132908.52504857  118046.48929362   99469.08856953
  101513.5903489   114077.12427247  131629.91858742  137387.34656942
  128140.10828202  114320.52851086  104931.28998568  117300.93219918
   91726.56061558   98122.186622    119055.42791958  105272.82941653
   95984.0680128   111986.22894928   96732.47551994   91506.09035136
  114983.75647454  131059.7650352   117555.77935785  102048.12181143
  106619.48250648   91869.63811358   94020.85574249  122417.95699268
   99045.22314914   97930.71364701  101011.96933652  106579.68210649
  119206.18599443  115290.20608073  109705.12400207  105818.29503435
  102372.27832597   93505.52912941   93026.59620458  135793.18896592
  132657.32491156  121528.18835908  107500.81302628  100192.69719058
   96706.32286382   97036.22530242   97003.75663909   97892.50622046
   97412.59407376  100332.6226096    97205.87075634   99712.48302676
  120258.06366406   93359.45521669   94090.90000213   97328.2288179
   98243.18943644   98786.30876824   99323.38102233   99362.22392825
   96697.28871467  100553.88737682   94191.84553359  112419.19405375
  128171.2471077   119821.94959602   99090.5105043   102955.26680276
  102639.92721983   98889.76605942   98523.96363626   97336.96940841
   91413.35205554  103529.7754806   124690.03631238  119343.51487649
   99845.64233274   91571.7047408    96566.1562412   103681.80375338
  106895.27953494  106305.07827729   99553.88611348   96577.7006001
  104601.86605633   98448.10101058   99185.95301177  108304.97253997
  103168.19329802   93024.27398383   93311.59805713  100017.59176818
  105681.34836692  107132.60385378  104692.62929843  107109.95131534
  100980.78032248   97381.57660955  100382.10783177  100876.59721306
   95076.58228941   91231.79616058   95235.69385538  102272.31078473
  106107.36343051  107396.6480674   107685.22887394  106664.91410966
  103231.17940793   97776.73860026]
[ 111426.90347061  104924.134338    105258.05510602  107352.38715628
  106048.1966911   107763.12467282  107566.76910122  110213.26140616
  108116.67947838  110931.48884332  107885.35747111  104429.18997999
  102159.54090017  103496.30050387  107634.58377097  109657.07476895
  108756.52068802  110675.74960047  107549.44161804  105225.73269928
  104537.09408174  109694.9389219   113239.31052677  110522.7039632
  108868.63802034  104405.08914714  110291.46489312  125484.58825823
  126047.75564512  121757.93326232  111083.0609539   108227.65814362
  106483.6822057   103624.903985    123566.18482612  131997.33740665
  132288.56098281  131498.3361676   131286.2563321   112897.83190949
  112227.84231599  105815.29616933  115556.13163311  127952.87597315
  133541.61143196  133871.89682102  133340.59535404  132380.32880375
  131367.19655466  124809.44370729  118994.3907842   122006.70165063
  107924.66028466  109858.57056379  120403.3875399   125489.51610671
  130837.59247698  124221.81481036  115575.18642476  106315.27838295
  107296.01092141  113880.78872638  123873.41607913  127213.65209094
  121449.55247756  113677.57624992  108820.39196388  115705.18585382
  103755.42638471  105866.8792987   116508.65394361  108863.46523649
  104605.55095689  112975.60641868  107268.43299166  104887.33800864
  114011.97273096  123136.51613502  115483.35813674  107903.27357936
  110359.23026322  105152.54251775  104325.5478643   118093.03868053
  106582.22284762  106693.4666953   108589.06858472  111316.60168103
  117872.06804629  115562.48037583  112450.4888746   110344.3671955
  110420.44454378  106368.99885791  104196.36364828  126109.53538975
  124134.84786029  117695.0924074   110238.5843414   107207.94009782
  107518.36540979  107821.32859073  107529.31075657  107816.98944936
  107549.45440964  109693.52737163  108891.10756008  106579.28070764
  117012.5226849   104549.01897534  106209.54869417  108692.25484138
  109313.51669346  109692.69971503  109906.74743385  109829.93777209
  108040.28624391  109832.79488117  104734.31049607  112840.44638328
  121517.70879648  116685.21007877  109779.44747031  112137.45765472
  112091.83901118  109877.70947327  109539.30654136  109016.57599385
  104145.03857084  108366.36570627  119401.23889712  116322.52776742
  106582.81042564  104320.04837679  108299.52706086  112614.79029969
  114428.17929552  114301.51924463  110449.44031804  108405.61274476
  112882.88526675  109389.75664484  106473.36978827  110525.75350514
  108111.44547506  104205.92798184  105910.65352908  110367.06911337
  113743.6627606   114907.1879623   113578.50390068  111896.01184946
  109551.22743764  106531.1646561   107111.71883956  107000.34548048
  104548.98784789  104116.66868651  107403.09308572  111909.89698386
  114167.70586602  115001.25776925  115374.99654615  114829.65187847
  112811.34899002  109118.48014324]
[ 186897.75946062  186377.20931506  186413.50371171  186461.13494298
  186563.06203673  187044.14337112  187066.91808453  186603.1343875
  187150.17751408  187915.60036513  187169.25157717  186679.51320995
  186548.57304905  186873.99829378  187651.06091543  186603.96808561
  187419.74667126  188057.48995886  187333.97870329  186628.90043249
  186312.7988498   187585.40915729  188607.06793429  186699.78084095
  187713.98064114  186328.7001157   187175.50681893  190939.81053735
  191474.91555206  190827.48508249  186644.25251266  187100.94131027
  187030.4535358   186317.44801425  189794.21236739  191790.19351592
  192229.32284439  193018.19016984  193261.44356513  188221.30318255
  186787.18588063  186474.07865181  188421.85395362  191040.68757646
  192393.43303891  192659.55076694  192789.17112936  192753.11104212
  192748.63381921  190894.91122528  189028.29254272  188685.83881113
  186530.88838549  187356.39634117  189742.35554107  191167.3053369
  192559.73699563  190310.15986234  188515.42030746  186681.71790219
  187076.07181337  188707.75426037  191117.77521348  191450.25253721
  189642.09402086  187835.99252895  187045.34060253  187795.58836838
  186413.78478294  186821.71201401  189241.77933331  187186.34277837
  186669.50922687  187290.11206913  186705.94406204  186863.22213177
  188207.272576    189834.96680324  188002.51098155  186707.87262563
  186893.04238734  186925.66293911  186321.64030841  188650.84561189
  186466.24975792  186335.73767139  186470.58225367  186752.42289684
  187715.06765044  187304.98743768  186943.99977095  186795.97346835
  187003.02612761  187174.36550009  186270.25562586  190300.62106354
  189761.27159621  188438.98559168  187106.33761094  186510.54667197
  186740.54704558  186854.12353286  186734.52010213  186657.29797904
  186638.20602811  187339.2069173   187913.2597379   186452.91130858
  188393.69506743  186411.63090279  186759.28711078  187539.25346672
  187870.67217326  187749.09242433  187605.95683856  187569.60844324
  187428.53852415  187485.83535845  186245.39068779  187387.76520839
  189254.7193054   188319.62708115  188165.70398361  189032.5454053
  189139.08634858  188165.67487104  187847.28675883  188040.0618055
  186529.4119102   186769.89228856  189100.33564478  188402.70688065
  186574.00493612  186561.96667284  187753.61681498  189175.59402392
  190045.24130082  190219.14549835  188402.10722042  187795.29348435
  188177.3827947   187627.66846832  186454.4086522   187253.86707149
  186773.31724931  186257.82851097  187043.11384522  188410.6843874
  189668.00358535  190536.06318729  189895.20081181  186913.18585892
  186951.64816261  186355.41382539  186499.92240867  186618.34516105
  186372.16060703  186525.50573672  187489.28496344  188788.63913094
  189762.30072507  190347.48841045  190663.56450195  190462.39453692
  189255.78093509  188116.72706613]
[ 347659.5394989   350599.23221494  351146.50874509  350070.20542779
  351354.64164756  352695.7528739   352935.83976372  348873.74793086
  352884.73981494  354374.12813615  353222.62255772  352630.93554523
  352367.79239268  351614.16065901  351125.31448549  349580.46627306
  353568.5845789   354906.04725771  353811.6563791   352293.84557239
  350557.68346238  349825.33456948  350414.22895444  349614.08933342
  354610.33105925  350543.24268942  348523.40971689  349623.9506261
  350824.23459563  351762.57401669  348750.62289197  352801.60202972
  353328.02567578  351322.67208931  347632.26232266  347927.5805287
  349020.10183461  351897.45915147  352654.32818995  349723.44314182
  347838.99643031  351290.63254569  348568.869591    348305.15676233
  348680.56577264  349353.03925744  350167.65470124  350553.23022874
  351006.31775922  349826.90772425  348227.99924877  346644.95472342
  348932.57278001  349209.53591317  349231.20998041  350213.92533319
  350898.36217189  348733.45784051  348678.34705967  349979.34764615
  350392.46414093  350711.89233491  351034.65949577  349947.86669045
  348557.20964031  348333.07944016  348929.18444405  347113.43846117
  351816.57844929  350603.46545313  350260.52018871  349166.4997465
  350314.94515106  347459.69760849  351650.28974802  353209.44648995
  348845.015983    347966.78699635  347666.31606147  348784.90307565
  348043.00881963  353300.25366151  350562.3265597   347654.7510937
  349204.0933452   349615.33480891  349328.86607497  348338.67603571
  346968.78523645  347381.77385664  348130.52957021  348616.630576
  351026.88777647  353748.7513179   350911.79659045  347460.45274275
  347210.50768454  347366.51970567  348246.57241833  349025.92600841
  351645.37502124  351953.11375683  351516.98609939  351014.48872511
  351147.09005062  352602.11049606  355091.60162407  349292.31215311
  347792.46443384  350873.83089359  352390.67199623  354075.30293879
  354739.73736914  354272.26619327  353694.47626456  353430.7335448
  353286.70298479  352981.04432321  350668.79811011  347866.68421534
  347315.88869569  347508.26723184  355294.5015903   356670.50282802
  356995.41517807  355323.2803704   354504.86899463  355392.9689705
  352365.37391168  348999.24880397  348101.70835046  347909.37867146
  349245.67339788  352158.67443776  354723.48401439  356894.43515892
  358183.92626781  358756.56905562  355861.53797617  354606.02716966
  353976.47025805  353909.34065147  349279.35699931  348477.59175304
  348836.57777688  350768.01929249  353392.23941744  355698.30069601
  357544.63648844  359351.30955748  358462.35844886  348708.55350778
  350898.98447185  349756.17252226  348821.3280898   348936.30682887
  349995.38901089  352122.2555844   354248.01289317  356271.18095079
  357752.05496551  358817.58624054  359566.01913072  359370.19855945
  357327.23377186  355292.25625602]
[ 267853.7822174   276588.42115093  277752.48467549  274224.87618246
  278327.61632808  281530.52608458  282058.7121897   271015.77262061
  281913.71149606  285221.39821511  283004.42836954  282007.29711709
  281518.43863453  279259.27212541  277510.89280249  272927.70794053
  283600.52337735  286720.7744595   284581.55134371  281038.50428573
  276776.03347405  273768.29039822  274486.36175712  272838.65006857
  286377.67306166  276344.35115181  269841.27310523  269304.56070504
  272277.11904096  275379.5436438   270596.3447358   281751.87264599
  283426.51130121  278696.10415433  264377.15225329  262844.30910261
  265714.23270744  272948.43892182  274912.22447343  272205.89601727
  267685.11204995  278302.05241457  268906.08314342  265093.26565843
  264210.47062145  265597.73195631  267415.5242432   268851.73177587
  271015.95576359  270053.43599839  267371.79599713  262183.65333262
  271476.82565977  272123.69035734  269701.85525466  270880.40964944
  271183.4471682   266407.05025876  269415.4040749   274464.89622698
  275317.16273947  275105.55424823  273963.04759847  270028.71367923
  267097.40492354  268369.49389903  271453.0452214   265586.43593017
  279514.26639371  276345.9994075   273779.48070237  272042.7930473
  276152.69771263  267130.61343998  278677.79757984  283231.83898347
  270287.53894231  265423.37792576  266470.33130752  271786.1109349
  269316.76197566  283417.47527045  276492.14406047  265925.85421392
  272987.56373105  273797.85165902  272660.23978713  269769.69584811
  264373.15007851  265312.51769793  267867.67191705  269916.62695061
  276625.39451673  284325.85309845  277270.48380862  263761.39526834
  263127.03189552  265400.21423784  269501.449787    272425.20937413
  278910.73462202  279638.98909903  278540.16369473  277180.58571511
  277317.49447263  280709.99080874  287264.72440222  272501.334611
  266827.0145885   277697.43396981  281042.67058074  284775.67784108
  286379.46351612  285078.01724016  283515.02099754  282896.76479193
  283025.41929321  281623.25125819  276269.97318245  267529.52607006
  264694.3861593   266417.86486354  287735.88505295  290791.08457012
  291671.23428031  287720.91194457  285647.90107497  288165.61568637
  280880.9956631   271370.75140282  267100.71505397  267387.51654007
  272766.8210015   280780.79706823  286626.61304036  291306.85403013
  294329.67648241  295878.24519779  288988.34176037  286249.52232009
  284304.18624259  284773.21786348  272909.34452329  270017.53431838
  271434.55302568  277110.37264812  283636.61183413  288760.21686701
  292881.61217557  297308.68472814  295204.31961611  271314.85168193
  277506.91088951  274793.63039045  272136.63913164  272162.24472933
  275401.06545784  280797.60327068  285701.00072848  289976.21080208
  293374.27067821  296000.75309002  297853.31334612  297417.60987854
  292340.13964561  287842.67975209]
[ 571856.54772446  572702.26058179  573020.73075145  572751.92173782
  573162.85780358  573912.98744901  574035.12054387  572379.96894062
  574019.93310522  574950.30738628  574123.61103774  573602.17006281
  573382.40473592  573196.79419534  573308.54677914  572648.81393272
  574378.08736436  575169.57507665  574439.65606973  573579.71048193
  572725.81556967  572853.09203162  573400.84310044  572734.05656393
  574871.27876223  572684.62278976  572152.81604083  573775.94554096
  574295.51738324  574432.90885573  572402.38082985  573982.90402022
  574137.55659746  573057.48509319  572678.80900384  573399.9536861
  573892.22929748  575056.12759288  575380.59158412  572907.5087272
  572029.1252313   573084.77036929  572577.23462839  573306.17886809
  573806.9435197   574101.54844757  574388.21978421  574508.62392983
  574684.82930067  573743.76211543  572610.94610326  572107.64119486
  572199.33357304  572532.94346401  573287.77312502  573973.16182554
  574585.38173836  573179.53518513  572588.4483299   572766.74184317
  573046.06811511  573508.37607188  574210.90707913  573955.48488566
  572918.88901504  572327.46021156  572260.49107883  571807.9953277
  573430.0502892   572932.31548961  573349.16822759  572368.54835492
  572483.95991595  571690.86323575  573532.23935394  574004.98455137
  572581.09529425  572806.57835484  572173.17064086  571975.27902354
  571750.26494305  574043.51107183  572820.37195916  572328.55314694
  572143.58341202  572314.38615979  572280.43127158  571999.59446783
  571845.00804438  572030.90295822  572284.16065104  572282.76490211
  573388.47408028  574303.98768895  572999.07013506  572878.20063528
  572548.95736352  572139.92392227  571960.46402761  572096.13331615
  573338.84168429  573530.40028286  573298.8617579   573091.30969625
  573180.07599412  574040.12731546  575111.42479396  572405.16748293
  572414.41335771  572742.02517903  573609.46907985  574583.23821918
  574928.0082038   574732.8298503   574465.30506233  574333.6292031
  574070.07475403  574196.03136229  572892.95423622  572149.28977811
  572468.07636014  572195.10330416  575210.78551521  575981.93598561
  576118.48559184  575237.56166441  574854.2111078   575218.88977846
  573610.6391227   572396.02985234  572699.91900035  572378.49540173
  572237.44758464  573420.77960846  574832.62480445  576105.90333305
  576737.24111458  576982.15231868  575496.53205221  574724.17365845
  574850.32326371  574563.77003375  572308.1716222   572231.42717554
  572283.37638047  572861.84100063  574133.07068332  575423.50758343
  576459.11663933  577282.11709354  576844.51165754  572319.70008218
  573177.89427128  572454.54267631  572045.83942525  572086.69046332
  572426.50465855  573393.0480133   574587.63152695  575798.36200407
  576572.43542804  577069.97975637  577416.15870115  577302.23882489
  576346.52770059  575144.18763226]
[ 173592.90952107  178089.25311627  178782.57396025  177273.44870832
  179072.58553937  181117.24763109  181496.56292724  174967.54537221
  181477.40350184  183856.77018917  181649.68130924  180859.14820554
  180746.59090702  179709.17045634  179274.3331872   175918.85779128
  182559.01100799  184774.0989658   182860.3216565   180107.13027292
  177356.05831187  177006.59524629  178745.48344371  175868.16583868
  184214.14226446  177395.5481497   174662.71960418  178270.9123637
  180541.48220984  181978.74238482  174524.85756977  180990.1264785
  181983.27030158  178587.30181693  174170.03446523  175656.02960448
  177662.65547162  182892.72140329  184259.18762425  177074.70648185
  173251.76374472  178514.74343335  175297.295059    175891.48048697
  177285.35943263  178520.324687    179855.46359427  180504.16788733
  181174.23676201  178324.70807827  174831.80226797  172596.19582588
  175035.65149946  175738.82907045  176804.30131933  179111.03006734
  180754.2391706   176530.37169793  175575.96641868  176893.64322582
  177715.85417354  178787.67493007  180347.49939131  178736.40614524
  175868.70751663  174756.48900194  175341.75611563  172630.37435664
  179710.52976973  177622.55555553  178165.99484702  175751.07299309
  177487.02420788  173163.1622077   179405.38813079  182088.89457442
  175626.0608247   174968.28430582  173658.84395606  175052.10914857
  173791.65737676  182335.3181682   177484.65191441  173973.95101847
  175558.60138621  175878.54986216  175296.48894485  173883.12416562
  172513.32635931  173164.17932027  174445.21036105  175366.43090055
  178541.19838907  183042.20976768  178089.12011075  174132.87479546
  173776.23713965  173476.13663071  174429.74853948  175209.83741158
  179150.81697383  179788.07865686  179180.72633461  178378.09869185
  178549.25842531  181564.77465614  185576.4579821   175784.59562438
  174070.92892166  178143.25778422  180466.21900315  183541.75704665
  184948.78088173  184011.9926787   182874.66773572  182491.26526591
  182626.44534061  182337.8908948   177843.79729073  173924.85342374
  173655.30863927  173758.98526946  186127.17151686  188872.0711105
  189445.13996362  186142.66127192  184577.81190751  186111.35728751
  180593.0519832   175258.15684168  174648.21140381  174319.19902586
  175603.46570145  180391.06154163  184961.45922934  189255.51524354
  191958.59498642  192924.19397636  187056.90837587  184974.95440265
  183436.47495567  183156.65122175  175494.94952742  174563.90524346
  175040.1033029   177843.18319068  182570.96251109  186957.45706458
  190715.9755985   193995.61335843  192139.38785861  174679.82229449
  177947.38371823  176126.89326031  174876.87925549  175209.14357711
  176915.23746687  180200.43558535  184076.82728399  187898.60664977
  190987.40100722  193056.93179464  194330.92978836  193854.87329192
  189810.27302006  186372.82082037]
[ 1000831.30139301  1003506.74671324  1003920.54141241  1002740.80103681
  1004220.62193725  1005435.45126764  1005585.04445547  1001881.47908214
  1005606.60122316  1006931.07660639  1005941.54992708  1005403.91187464
  1005147.72907896  1004519.22893518  1004168.30858634  1002546.69315883
  1006252.47741992  1007466.27732147  1006552.38686189  1005174.70563716
  1003656.62419087  1002896.89315872  1003282.60397783  1002581.11873937
  1007229.3843421   1003516.12057096  1001614.61223647  1002195.48535634
  1003150.42096407  1003937.92068352  1001818.91385825  1005560.07347193
  1006046.75513246  1004305.86485847  1000602.38161613  1000559.05480124
  1001424.022806    1003680.07430431  1004340.59890579  1002527.99902405
  1000849.13088465  1004212.78704473  1001601.31379239  1001035.61977306
  1001004.57631371  1001436.46390845  1002044.31264365  1002444.7269351
  1003076.33709352  1002413.96171999  1001225.86208034   999398.4242669
  1001947.96582949  1002469.26918162  1002204.3113421   1002744.96718814
  1003087.9117531   1001189.13543167  1001706.61469388  1003030.74908382
  1003330.92051982  1003528.40953332  1003634.19327025  1002545.71956142
  1001276.70947287  1001300.96257698  1002062.77426192  1000370.96744799
  1004611.74769642  1003636.93978182  1003244.38235703  1002305.70008502
  1003459.03467651  1000676.78217547  1004407.6244291   1005854.52394699
  1001918.95375721  1000787.11467021  1000751.8055536   1002042.79446757
  1001315.63013635  1005910.39711698  1003579.87190491  1000678.83183098
  1002377.8579722   1002660.07555986  1002365.47178665  1001518.26230062
   999994.19821495  1000165.83913987  1000839.87556469  1001387.26396269
  1003818.57017058  1006283.58633654  1003788.27467513  1000451.87768556
  1000050.05579191  1000448.30153571  1001378.13048258  1002201.13093121
  1004465.33880566  1004733.24015746  1004318.07571878  1003843.85060459
  1003890.72137672  1005165.4688468   1007453.56521426  1002249.59462681
  1000920.4894213   1003852.73320141  1005122.83621169  1006578.44282239
  1007171.15023241  1006709.49427214  1006161.0654267   1005927.80069571
  1005834.57147752  1005475.88757078  1003441.52994906  1000865.00295331
  1000488.98063125  1000721.53400726  1007682.73250884  1008892.76360843
  1009202.53740062  1007651.55289938  1006893.36163694  1007787.3064711
  1005035.38728617  1002005.48062976  1001273.99060218  1001087.62353099
  1002350.61055117  1004916.51573201  1007210.69361261  1009108.74840594
  1010276.74981658  1010827.70961892  1008117.3519369   1006987.61683958
  1006707.06294931  1006680.45506507  1002443.99838091  1001732.28339453
  1002030.93404147  1003734.48601141  1006028.71849228  1008082.22366167
  1009730.46591207  1011367.45785296  1010528.95124121  1002169.47797886
  1004216.08666185  1003091.29466461  1002219.7306029   1002227.51087093
  1003168.90163622  1004988.7390692   1006843.57866571  1008601.57398255
  1009916.41861654  1010901.26525442  1011587.36897805  1011397.96735326
  1009446.75474064  1007608.02179906]
[ 124784.24191872  117665.67570423  118315.13257728  120809.62167142
  119325.93478114  121363.16013348  121078.63792318  124313.28300341
  121784.46111628  124762.96952836  121433.20178224  117077.49511505
  113515.28093705  113794.16830655  117496.88542224  123777.76467959
  122444.72406051  124293.58190408  120699.32331859  118025.09237839
  116746.52706014  120407.08074499  123475.45976537  124774.98247387
  122156.72026509  116471.32492069  122299.25919198  136777.7957071
  136775.88724603  131900.27135391  125279.29548207  121896.79778518
  119491.51044444  115635.91472841  136133.98817581  144877.85059765
  144463.7579423   142408.95013376  141922.52380235  123527.2988795
  126206.68786219  118914.30121656  127079.68781411  140205.87024672
  146133.03041258  146223.62389555  145388.07906493  144108.80325986
  142558.72538155  135859.84464671  130622.247998    136295.15567781
  120452.02175296  121214.72408003  131497.87771957  136380.10951114
  141910.13064921  136208.04958872  126833.12676168  117696.11661323
  118093.99968566  124036.34827655  134107.09735409  138380.22069903
  133295.89157031  125690.386904    120455.89734698  128666.30105561
  115882.34282329  116676.0535864   126758.89214666  120252.81710558
  115889.97297945  126056.85312825  120750.61391787  117498.87320731
  125200.17890242  135406.9739419   127895.68045834  120341.79743673
  123349.23804908  117882.39186492  116205.67119678  130401.45150488
  118998.00135813  119753.67644794  122244.74768951  125338.73178393
  132607.29283635  130072.87992302  126464.79388107  123951.35097713
  124691.48875723  119403.38579677  116461.33666286  138818.72089528
  136997.40559216  130276.5975912   122466.4501037   119787.35476968
  121218.72053335  121570.41851023  121255.06418125  121631.46083795
  121319.06344647  123622.12530082  122163.49087936  118706.76204297
  129219.40834836  116923.69239622  119399.62824172  122178.97358297
  122757.62752106  123514.80389804  123992.72448297  123932.87318783
  121666.41466708  123707.47117686  117382.82973926  125511.56716944
  134193.33092849  128972.29752865  123061.8738414   125364.48075009
  125217.73082565  123374.30816357  123277.1827097   122244.34130675
  116624.72028215  120577.73931435  131471.8491999   128334.772606
  118573.96601837  116862.12730896  121506.0810627   125930.76071643
  127475.54851117  127130.91387639  123965.9965272   121901.44280413
  126883.74001456  122853.86410811  118714.5764652   122422.58365486
  120115.26876321  116517.34971921  118740.10612407  123650.95524678
  127016.3840719   127577.01213329  126469.37076298  125820.54722157
  123048.33120442  119339.76886376  119452.60470157  118985.45366111
  116488.44311441  116540.07679625  120403.03048775  125341.74549875
  127507.8075739   128042.35318997  128178.39131754  127580.87491854
  126161.74727163  122394.28410269]
[ 105306.25628233   84213.86594225   86349.52359314   94700.43674819
   88743.72750422   94561.7653427    94086.17309244  103062.82462956
   95495.69092678  103991.55873075   94631.02601536   82081.20736598
   72252.87216342   77038.33503291   91590.56039403  101544.01364866
   97349.57371366  102830.68042353   93111.7833812    85621.26974392
   82611.29416107   98018.90448451  108319.60484467  104331.86872814
   96852.76576943   81831.48297648  100339.97970751  140071.79047254
  141174.66932618  130772.56836692  106101.43445541   96079.92194522
   89488.67363972   79168.33675098  135764.70169463  155629.44619613
  156087.77968005  153452.26907438  152779.76101078  108257.75569945
  108872.61890919   87759.34151257  114606.5960258   145947.96063936
  158872.38499688  159688.2946486   158461.56851768  156059.2376506
  153283.05420088  138125.42055001  124604.45304867  134396.25630441
   95313.50248492   98668.68640772  127200.16615082  139417.44315892
  151918.7771283   137384.22316063  114578.72324537   88614.31041827
   91269.97840475  109551.16091553  134813.35360022  143683.72290934
  130689.3836959   110659.12693921   95710.62412397  116432.64484243
   80832.60241101   86374.91588735  116187.53231904   95350.86889157
   80233.60562315  108687.12502835   94236.49237308   84131.90962251
  110097.88532916  134545.6921281   115421.37398884   92862.99026226
  101133.01500186   85133.73781561   82278.2057899   121574.72874447
   89065.63985121   90682.49690267   97524.17166748  105839.4557919
  124046.84388718  118705.82346559  110531.78030048  104029.49611079
  104387.76127256   89290.73416099   82204.90533705  141836.8997247
  137128.87694856  120676.64150626   99662.76066089   91119.34643175
   94030.18232274   95083.46242802   94170.74576312   95361.57737864
   94919.82381271  101315.42825198   97274.63884877   90237.38168746
  119455.08643125   81687.95345025   88923.22441544   96946.48309347
   98523.00270755  100464.73095913  101665.90030444  101724.89199954
   95632.85494241  101171.24514272   84634.90961308  108778.72903434
  130798.55108693  117917.75020875   99421.51007174  105764.3928705
  105474.37593464  100513.85030699  100314.46385291   97073.81919495
   81889.52732033   95574.19241427  125023.72204181  116839.97891004
   88791.82451459   81435.20185369   94803.22312974  106925.725089
  110996.24979855  110343.36583992  101934.36484111   96117.92197353
  109262.85245727   98654.75604058   89294.04917164  101114.3476323
   94265.64549271   81799.62542163   87189.16698966  100729.58930208
  109660.48412597  111731.88809351  108881.78952624  107206.20546303
   99643.02304024   89790.06316748   91062.07099084   90264.73587186
   81969.58350681   81017.42567583   91807.52686879  105253.32768785
  110795.52304592  112421.900951    112982.64836761  111626.24493219
  107981.67835221   97930.40878651]
[ 163138.08216528  158899.38411049  158911.64502086  160193.53109606
  159376.03379496  160060.40817579  159882.84613356  162129.89705969
  160282.81186804  161703.76704154  159948.13761365  158173.22785173
  157141.08999047  158072.26396022  160372.14283373  161650.51699615
  160520.92096775  161484.69998617  159801.78114413  158688.26291606
  158615.93844263  161879.64131066  163864.31471256  162127.34221087
  160478.8278692   158721.39781083  162577.2265535   171592.41975866
  171626.57281838  168747.13033312  162538.49044888  160227.84438156
  159285.22702013  158101.46097631  170957.31987285  176241.7550525
  176077.16566689  175112.84899284  174933.69967142  163664.66503754
  163471.48558291  159137.8089792   165831.29124306  173611.36578122
  177105.89915056  177139.09050693  176649.7248741   176003.20009952
  175230.7045016   171162.26608886  167681.79221959  169659.79844393
  160711.54232144  162245.29090767  168646.09044318  171564.25511519
  174822.74303236  171150.71934654  165745.54017016  159994.4855244
  160443.7284736   164189.15956294  170306.79999675  172645.84219213
  169345.27078224  164630.98978496  161597.08991981  165831.62732415
  158141.04839546  159466.35224656  165872.85004503  161720.77141556
  159023.14547521  164116.96706567  159843.96853403  158360.44263739
  164734.83996261  170624.41805257  165877.071973    160927.54765535
  162397.68261056  158478.69491431  158598.5643486   167593.5893664
  160077.10968417  159937.06568581  160964.82839214  162675.06146997
  166906.39253488  165489.53422435  163493.23455859  162119.39161446
  161671.63361003  159077.85996222  158466.7590418   172538.13441775
  171381.8095358   167335.64397478  162613.91360851  160480.00620828
  159960.06597525  160095.65334056  160012.03427778  160236.62333868
  160063.91279977  161150.62292068  160376.83342607  160139.32873741
  166719.32627845  158608.33673818  159194.64081686  160399.82445664
  160711.82242962  160884.6549006   161005.34685938  160920.23514801
  159856.35679869  161279.8053377   158842.60564143  164214.96618392
  169700.55703403  166663.9475878   160988.54692421  162270.20606971
  162162.27727414  160892.92972024  160717.75362602  160451.11408367
  158224.22161817  161347.48430501  168369.50171676  166453.21537222
  160232.26208547  158302.18711143  160169.53254959  162552.97972177
  163552.93166796  163347.25865954  161166.85067791  160018.09668886
  162858.51102025  160767.86661918  160058.32299605  162753.04846057
  161193.90007324  158481.88772338  159023.3275513   161323.85474542
  163187.06507245  163607.25595729  162855.74209364  162960.18122826
  161251.91752447  159789.10439857  160400.75446854  160469.59133787
  158838.78945097  158139.86875486  159717.24874125  162134.6784439
  163380.5661806   163743.73389091  163837.15694153  163511.1310637
  162445.43356269  160441.33845421]
[ 515148.34219821  518373.58304104  518758.49910943  517360.63245942
  519125.13320436  520434.66256766  520572.79005177  516395.286381
  520701.39896024  522079.25761567  521024.27357216  520520.03940838
  520225.97239922  519270.15588693  518588.34034852  517131.74223652
  521399.81907453  522664.12122896  521635.06560942  520109.0730648
  518450.00763854  517318.226356    517546.63297141  517155.61912459
  522531.23926445  518236.93278171  515813.55086476  515881.03027249
  517013.56373329  517957.34390788  516237.26715328  520594.92333618
  521216.23745833  519185.68936019  514043.29077508  513608.04197566
  514597.48277394  517354.6428559   518056.81191191  516557.20919511
  515010.91882843  519148.53612447  515653.56222994  514409.06598268
  514137.65059783  514535.32975308  515231.05575358  515735.16586131
  516571.02248891  516124.71150704  515063.45607543  512822.51612508
  516250.29019482  516814.17490813  516004.8621791   516497.65032495
  516680.18922912  514695.37845448  515803.89636035  517538.20971329
  517849.96934661  517908.15007963  517674.49840848  516228.88924295
  514879.73252497  515255.31980954  516413.66396513  514448.98950898
  519373.49742373  518213.80048351  517474.00265395  516701.01789308
  518211.83690937  514946.50453845  519118.96502735  520963.93395711
  516082.1133653   514371.11136467  514683.49672298  516660.56042403
  515711.17908617  521034.36650798  518238.17190295  514622.27483529
  517069.24345046  517331.57952609  516960.48657735  515905.22924913
  513877.24801089  514039.64517994  514759.09824926  515527.5232245
  518477.1789402   521508.44567356  518591.95322866  514033.13151814
  513678.82743923  514428.38856389  515804.08906296  516880.46434987
  519414.31569419  519651.32744839  519190.70594088  518603.83709409
  518606.78126745  520121.41625577  522787.96731421  516787.41366586
  514970.27337569  518881.31145142  520264.21187573  521882.50514015
  522530.56328828  521899.55546706  521223.24296847  520864.27656098
  520813.33835374  520602.67471518  518225.40041151  515073.59512081
  514316.39978147  514825.8618548   523149.24589445  524485.07964692
  524835.46063712  522956.80032465  522008.18408879  523238.52763765
  520037.3166319   516381.64315988  515111.08774065  515126.73569498
  516956.90898792  520087.32449231  522668.10646407  524787.57524634
  526120.03175225  526722.92442824  523546.95195271  522242.46030974
  521868.65812991  521906.58257136  516934.01246511  515935.08609813
  516367.91775415  518552.34501105  521293.10152549  523641.68693638
  525469.818661    527280.07240741  526315.66155595  516570.0601211
  518955.27213509  517732.63826983  516673.19152632  516675.26921623
  517853.91194436  520039.11771751  522226.30254989  524197.27237643
  525689.96326735  526762.80017555  527546.93336904  527310.12256802
  525016.84854665  522909.6406987 ]
[ 588834.52282874  603480.90909682  605110.13195129  599673.36899335
  605565.29028262  609801.02346697  610830.5676959   593511.57854626
  610324.85749909  614635.29837481  611885.88735999  611747.89427888
  612407.35657048  609597.49424134  606347.6680733   596299.43674138
  612584.36500914  616887.87251308  614417.11835746  609798.8759313
  604060.03350027  600061.76855151  600903.19576463  595932.16130996
  616905.44417163  603683.1578545   593292.43012504  590896.71120642
  595805.60756637  601811.78275142  592449.25533927  609867.42323345
  613168.93357431  607316.14613199  582748.62184432  579021.83961679
  583615.77113658  596201.16013559  599553.30946512  597412.78312956
  588156.07527201  605504.86021234  591626.05012442  583446.01926206
  581234.07180939  583408.30754779  586984.56227889  589429.91747078
  592674.64303718  592023.33239306  588527.52240175  577274.90866022
  595265.82035465  597116.93850835  592234.71999994  593391.65147327
  592811.1676336   586707.4988557   592215.93758704  601420.08746379
  603066.82177965  601963.28233296  598281.38921414  591345.98034007
  587809.3316017   590847.782274    596039.56543435  585157.09647715
  608787.62863848  604455.50047332  598906.75449924  597187.31082801
  603538.95673443  587558.8689277   605762.58723336  613739.56256452
  593810.11924628  584548.50766876  587461.9763973   595824.60925921
  591125.14267298  613867.71322291  604250.25823867  586392.19160104
  597954.94630973  598670.89908612  596260.4559989   590903.03337321
  581408.34478397  584021.08538729  588802.6083992   592165.00801533
  601384.60886407  614932.88868961  605389.95407075  581413.00127539
  581030.41719145  585348.97375497  592537.44092089  596832.35404933
  605771.6256371   606652.66310124  605108.44966884  602951.96403821
  603460.64657883  608087.40779701  618858.7934121   598187.21160217
  587895.32511758  605153.9198072   609660.01470315  614835.3613845
  617128.10930019  614917.18814046  612357.79586511  611296.65558613
  611963.7550454   609550.68969652  603790.08559284  589529.72641842
  583555.47492115  586977.06992792  619221.59240311  623533.31987199
  624958.11095696  619130.90955162  615864.7784415   620039.6860834
  610646.77321173  596187.6687292   587841.45711448  588757.5284406
  598200.57801371  610020.37104161  617831.68976273  624186.83799146
  628625.67424996  631119.23844453  621049.38753106  617161.87459783
  611942.39759211  613799.15092276  598068.91232359  593462.29129623
  595886.48380187  604717.45019888  613760.25353887  620509.07544418
  626153.76781863  633186.91621738  630147.52754115  591918.98351446
  601793.06476414  599264.75223027  595900.59649517  596550.60413755
  601845.36758714  609798.93413761  616293.58996142  621834.68707237
  626698.37182273  630723.62776021  633700.95374345  633212.35117064
  625715.38512592  619505.75026005]
[ 407846.14103136  413493.10868346  414164.55854455  411820.71012594
  414590.36428412  416563.15048758  416900.9499125   409842.27920388
  416853.8441129   418938.23602319  417502.69848182  416994.16787759
  416830.83748914  415455.02744767  414259.04892313  411043.80875473
  417926.98844398  419931.96445854  418603.61791852  416373.20085026
  413720.3209808   411872.09224056  412265.42787658  410952.70242305
  419758.95500811  413530.50687752  409394.4427581   408851.50276338
  410714.5829822   412712.69593215  409502.851889    416699.72475769
  417892.94777506  415020.94366651  405840.61679959  404725.73917582
  406442.75749857  411151.92443389  412399.02364381  410768.91192315
  407674.97388829  414563.82511358  408839.65370793  406216.87128564
  405543.3709873   406379.1393453   407657.68975108  408544.61260797
  409854.07327657  409326.38404887  407684.32697116  403795.46490158
  410112.74127897  410885.81489526  409268.77609978  409887.90067126
  409972.32453474  407142.67838671  409093.69887822  412371.60553113
  412936.73589222  412715.15365141  411824.29859347  409288.76929122
  407529.34725796  408437.31378277  410407.93681539  406467.67727563
  415505.16448019  413572.68747726  411794.5393915   410866.95427781
  413452.49954499  407395.28381952  414692.66748101  417787.96072558
  409633.65858132  406447.36205117  407239.27808164  410489.89396587
  408800.33127404  417871.38543447  413605.7982554   406910.56363249
  411274.8992476   411679.06372017  410844.07349516  408894.97620582
  405349.12100535  406023.30299131  407638.80661084  408914.63944995
  413212.19172041  418419.62207091  414084.09138732  405395.87935107
  405019.74484596  406530.90696134  409152.94575323  410914.27397719
  414835.03280054  415247.94665577  414539.77541214  413645.29020935
  413767.75549227  415887.87222494  420271.1548478   411035.99142793
  407398.44514492  414260.03260072  416300.28808362  418653.33177935
  419661.12827147  418754.17080129  417705.58968842  417265.54090805
  417319.30878968  416514.55182912  413399.05024986  407845.95295725
  406021.68751858  407158.19231252  420580.87110115  422535.88007776
  423106.92797219  420487.41567766  419106.54238679  420862.00304675
  416340.58751342  410347.60636171  407651.39381587  407829.52384602
  411244.77377516  416233.6872091   419895.02432994  422887.62684568
  424845.16104769  425859.85740023  421316.15861482  419464.88196476
  418206.85177007  418599.17221726  411265.25182923  409513.48684939
  410396.22944948  413959.11548161  418026.22439918  421253.65112603
  423891.44418555  426779.35931191  425396.1694344   409856.44645093
  413873.8630336   412282.09889034  410687.54513033  410784.67784497
  412840.12457336  416233.71337706  419303.53276927  422001.74361218
  424188.5481757   425895.04700643  427121.44228149  426837.31211921
  423482.40529194  420516.0855165 ]
