[  8997.15730009   4873.04746808   3013.65155064   4386.2296735
   3582.24869377   4813.20024907   7084.28851703   4237.39522836
   3922.75369691   5050.75288214   4071.8776481    3583.48272392
   4253.65286258   4965.46572191   6985.50691918   3831.18728541
   3289.1478251    3376.29246359   3509.58604362   3077.52550255
   4877.02962347   3228.86486509   4399.74117842   3933.42129157
   4311.15486498  11192.84754001   3013.61217161   4145.92019876
   4312.26162208   4106.59721101   3324.1382326    2959.4729811
   4318.48695272]
[ 47502.82707824  62165.41078838  75843.82245542  64868.61896418
  78235.61751813  79201.48058808  81508.71242549  65440.01253682
  78779.79400816  80014.98519442  65012.03991697  78018.05263352
  78846.05186919  79660.74312804  85195.78768184  65279.86846721
  77185.30952674  76866.14447538  76376.45410536  76637.54706851
  81166.79346894  75910.14506766  75521.17866828  75691.41588868
  79899.55933179  38304.35984203  73012.03428261  74699.36609865
  75595.24500806  79406.23276306  68716.98424961  74748.60906221
  80117.03913354]
[ 40119.48481354  55360.07017577  70990.46091313  58324.29877145
  74255.29163844  75970.57469326  78851.54998309  58893.77549921
  74668.05730011  76543.04750546  58624.63985597  73966.22231523
  75292.76882818  76324.61328356  83413.34387781  58907.50406596
  72747.7966845   72720.66522503  72199.01149603  72350.08851572
  77889.8337927   70995.23601122  70644.61896079  70768.40674504
  76234.41870318  31443.86578207  67177.03006937  69561.01811657
  70641.71818723  75730.06941639  62412.90241272  69474.15952736
  76397.07393895]
[ 13066.77535017  21124.61449659  30587.29777815  22928.21469414
  32750.1740102   33975.59801452  36164.68328028  23254.70878765
  33053.06392384  34350.69030834  23087.23034022  32572.74141719
  33459.39785543  34234.8133948   39814.43634318  23273.2926155
  31850.50223535  31893.40527572  31623.48890383  31746.16834555
  35674.03524599  30793.9375726   30884.0911355   30886.44180056
  34523.07504786  10357.98762494  28392.50667381  30228.15929613
  30932.02928552  34178.28975566  25487.41028897  29929.59384954
  34516.6030678 ]
[ 18307.33478898  16252.68674321  15826.52055586  15489.23324581
  15546.07452236  13679.19076593  14014.40007938  15087.44620703
  15939.73653843  14750.86214959  14684.74997012  15725.35651167
  14711.4252251   14579.85406867  15948.75351504  14828.97032415
  16080.78976714  14525.06831802  13778.8345342   14251.86596557
  14723.03966768  16444.2479981   15277.3294232   15421.79088545
  14380.96490754  22206.48702647  16142.00191169  15001.86154065
  15492.64689392  13959.39410169  14772.17566426  15499.42875122
  15078.45798104]
[ 45094.97284801  42557.90337503  40196.26391145  41052.04691646
  38951.10682764  36998.62141575  38641.5518358   40720.95562095
  39466.32195598  38471.9065899   40036.59698112  38995.38380842
  38056.54859562  38229.12260415  33404.19996446  40806.44947609
  40005.64442404  38231.09597557  37532.9818029   37403.7596134
  34680.78980716  40591.17028758  39922.21517839  39640.61308874
  34896.51684953  52567.26875848  41133.01093451  39657.79077976
  39873.06304639  34694.33213895  39461.79913386  39473.00800895
  35841.53190853]
[  8186.58347955   8642.30689402  10369.80571369   8856.39343326
  10988.01391815  11247.45216795  11786.66559133   8873.19966567
  11225.27183881  11563.88873646   8688.39029716  11053.17748791
  11268.33983079  11421.90554528  12997.04984307   8504.34883725
  10727.7354249   10560.21028972  10346.94367852  10342.68869412
  11685.65144383  10336.61212508   9933.43714776   9949.57449719
  11191.81698214   9137.47081188   9881.64845256   9569.10179927
   9816.79431799  10945.80667276   9047.52189201   9886.57063216
  11271.46165426]
[ 21733.71385342   9244.62414606  11093.02797379   8551.39889781
  13659.86992221  17403.72792066  23329.5556247    8733.00148858
  14831.58073614  18356.14831576   7650.54068431  13773.30975806
  16084.97326771  18141.22697244  23791.79760472   6698.27488213
  12489.82648512  12729.94994479  12760.20771351  11967.38897431
  18541.86930373  11339.1032066   12272.74068936  11861.90359281
  16996.65968624  28561.81712989  10513.89893505  11571.20809414
  12150.75722736  16350.22017579   9856.10628434  10765.51635043
  17133.74682911]
[ 15613.52771046  15620.17080719  15965.93393941  15555.0629024
  16043.9828949   15978.0837074   16225.92482233  15530.13144939
  16087.79622795  16100.96234625  15469.96439692  16031.20156293
  16024.41539299  16085.21552048  16224.75331584  15536.93446524
  16051.49601993  15919.66453496  15837.93208102  15840.10400688
  15918.52121429  16013.5664516   15960.94986992  15929.61875647
  15817.35432935  16464.94790205  15835.51735941  15879.27351793
  15959.42701976  15772.87112485  15466.21886786  15846.5968177
  15873.86010109]
[ 31388.59733123  42093.53294873  51374.20953253  43633.53271749
  52894.44586981  53646.69956291  55375.5539105   44007.20991997
  53315.37040523  54254.32469181  43648.72669936  52825.49104874
  53458.64778719  54020.39319349  56815.19269501  43883.74708516
  52194.51887788  51851.96522141  51394.94340909  51420.85868563
  54190.34893585  51227.30088922  50547.97570614  50602.84755219
  53221.08447549  26865.48655719  49404.04722996  49825.87594043
  50454.49553072  52857.94548777  46159.61619671  50099.6314684
  53529.36498711]
[ 40370.98415544  51317.6037238   58351.09176403  52536.13878231
  59194.4244655   59064.98826659  60368.58609779  52741.42929506
  59638.40706465  59873.27132218  52222.32230672  59251.80170183
  59329.70941329  59724.52226998  59803.94256928  52556.72848924
  59147.92387255  58413.16629346  57913.01393886  57827.49139365
  58785.26070989  58604.62435318  57974.47214744  57899.8939446
  58305.54009439  37316.96404511  57234.27248805  57310.86576653
  57882.08052593  58074.88596863  54066.15309079  57322.79607114
  58649.33812678]
[ 32372.81389236  43931.58589201  56456.01670218  46237.71086596
  58997.22342685  60433.56756115  62863.31196197  46850.02721219
  59509.5021461   61051.50214262  46550.41378101  58800.3393259
  59934.31990801  60809.64163612  67862.35850057  46841.71042834
  57857.25902499  57897.17047965  57537.60438757  57752.22533743
  62953.75067278  56474.09117718  56336.31436009  56475.20454171
  61570.4722208   25589.26865955  53786.94609508  55540.42463152
  56310.26713512  61069.5429282   50172.59012873  55589.16254136
  61694.78807529]
[ 25453.70225419  24438.75967811  24736.88445278  23856.10580984
  24722.30836685  24621.96345645  25774.94542931  23695.24575516
  24881.90186498  25085.48096946  23466.53231099  24687.36404889
  24823.36100302  25142.14351846  24559.41283054  24133.30814288
  25125.65976392  24630.18466512  24374.94937015  24070.08085469
  23641.56591041  25114.7667417   25212.50655133  24808.02689875
  23390.1244689   29557.71201517  24517.57725859  24888.83615338
  24876.22594196  23277.34995959  23383.03119499  24439.45209264
  23863.59750485]
[ 86094.66397765  79155.30309634  70078.18601204  77197.72156478
  67669.4746849   65107.51639048  64170.27850807  76462.02227032
  67647.07029908  65701.70156501  76200.79644921  67978.88786875
  66385.9100277   65888.46414903  56088.41975321  76379.99498841
  69450.30973181  68059.09104537  67859.72961632  67456.27203593
  61328.748784    70852.11356022  70586.71508359  70074.1953818
  62524.87091819  92597.81884105  72292.80208167  70795.31666466
  70483.22284879  62803.42408203  73273.64635745  70398.21346827
  63204.23796782]
[ 34366.31087681  31756.22632638  28964.59017371  30717.83080951
  27972.99318547  26330.53942418  26702.95749409  30369.18382666
  28204.65661575  27195.52853363  29987.22693724  28036.84461809
  27175.27675699  27100.94320415  22927.07955998  30334.04275105
  28845.14938616  27637.07875654  27205.17598611  27091.21421019
  24494.36188805  29406.35096681  28996.83953744  28726.00385407
  24772.72664933  38986.99960246  29722.33996726  28887.14957729
  28960.13167066  24670.00050333  28962.07757887  28747.3406415
  25429.10181586]
