[ 1778.81274929  1763.95575169  1818.96921852  1807.970146    1804.1962285
  1775.3475911   1740.70678864  1859.14878036  1918.22928573  1922.8882543
  1958.29447528  1959.67859516  1999.38355358  1880.62565878  1813.1948583
  1666.50120479  1430.28666711  1212.58713993  2080.68972427  2187.93217015
  2159.71365122  2195.46678835  2287.19537466  2189.17843407  2175.09783564
  2150.16230966  2187.38213849  2157.72876377  2066.34259835  1997.74823126
  1829.34492296  2131.61447701  2159.42327363  2180.66792584  2272.39718124
  2268.40089072  2254.71917316  2239.03747449  2203.32582903  2176.02710914
  2140.27436391  2218.39661523  2183.1360698   2152.76323851  2125.2004686
  2147.33198016  2103.98263999  2043.56428544  2031.86190761  2059.60390916
  1912.52020054  2181.339111    2188.45881178  2221.63572624  2291.16015501
  2287.30262992  2291.10951587  2246.5579171   2196.19660696  2148.99155113
  2082.83458042  2074.14335859  2137.84294559  1989.8081711   2020.22311141
  2099.9725159   1845.15927558  2204.37747545  2251.31342979  2258.28506335
  2242.208722    2264.76558186  2292.00726291  2274.69659367  2255.57614731
  2204.0828363   2154.57743407  2073.36166878  2080.17097873  2164.16379319
  2087.80254796  2045.15193175  2134.25224961  1878.50111905  2155.17439624
  2177.42242276  2213.14738555  2229.14605345  2291.24360641  2127.22084739
  1803.89751761  1852.95372497  1998.87771583  2136.80656153  2311.36456627
  2384.73260227  2259.3114745   2138.48493959  2130.8693002   2080.91837166
  2120.97785066  2118.05550858  2153.37251912  2136.52643529  2224.03220372
  2145.01886791  2346.34041566  2238.04150543  2153.54657728  2161.3222163
  2285.82141061  1952.14770693  1956.39752749  2334.3570386   2257.70150184
  2097.36057366  2108.86977528  2208.31996611  2197.90718752  2117.80046532
  1834.90300734  1424.56953894  1257.41073671  1253.97666046  1367.33372725
  1439.55807447  1380.42914866  1255.73304582  1104.54093294  1022.19751601
   987.34648983  1233.44682697  1486.74978155  1635.9718747   1535.58016581
  1605.71888281  1580.27436111  1550.45597642  1532.54051912  1606.43939661
  1648.42312358  1553.84093568  1131.69035159   787.36871955]
[ 465.08871796  569.73610297  580.59238288  602.56818298  591.17085352
  677.48927571  718.28450254  727.70356777  707.08024362  684.25293633
  671.15829553  628.78336246  636.04292575  658.28340922  698.23166206
  676.80119451  635.35486408  590.00586161  486.16212144  660.21827495
  650.54749566  791.65864675  775.98578955  659.38879809  746.55328889
  783.90715835  775.18214988  728.70681614  681.49683284  664.6221524
  643.53288368  494.23927962  462.44648248  582.45634965  729.22291624
  711.27430238  774.98014931  782.02733822  760.89657486  671.42624779
  651.75174802  697.56943048  629.61839445  679.79303945  686.81223207
  675.54483885  645.0129645   593.59344644  579.71815772  561.05841851
  526.96054299  620.92714302  633.2389274   720.81241748  798.97400732
  834.48560856  769.24373571  740.99839855  689.09660141  656.42504184
  622.39720419  485.82519403  574.55793418  581.20584736  580.11705618
  583.55282649  547.6327662   739.62053612  783.92230642  769.9081008
  746.05990216  773.15200952  804.20996473  759.85531814  720.66267648
  673.14723954  680.27687087  653.54365685  536.75441322  579.54560074
  596.3664396   609.16933865  653.74290317  576.61946746  594.08259848
  605.61507229  658.32018386  645.28021066  692.54198163  695.82262117
  609.46968583  666.15419044  672.5337959   752.70633506  767.72528641
  817.0478492   714.16700881  689.66830189  696.34385547  673.44160932
  659.48892516  678.98028151  723.17431797  728.46451661  750.68455306
  728.93429353  449.93097781  506.67488976  506.10824732  503.4125623
  526.49679218  432.63098609  688.51570402  610.21683621  594.27756143
  534.20849648  691.72280168  736.89390806  737.74062168  702.59963935
  643.41475144  501.37230226  419.89210803  507.21232359  457.21703055
  463.44517329  463.43767115  468.10636034  481.11978576  431.1233041
  657.92697994  568.06731806  510.8566316   546.79124286  577.59953492
  465.71440167  462.65365357  537.43458777  650.52675058  689.66016626
  698.64204245  673.79735536  619.85241477  581.22579394]
[  745.88997672   834.39227399   875.4417456    818.45270782   742.39284628
   639.9163886    650.95052362   742.66974782   767.61105      841.9083397
   825.61572233   712.63765122   631.97919327   697.18219153   665.71595418
   553.64760465   542.26043642   524.88848764   866.13870269   951.08760783
   737.21635163   958.22585122   954.2491202    738.17365795   754.81798557
   698.01742805   624.71253042   556.60226834   569.39803057   592.72336589
   588.72127652   747.16575738   785.34993015   800.63572474   766.11629333
   627.08493424   583.6144482    646.53436548   771.65542848   897.29252592
   953.71339941   946.49290894   856.26858133   890.17667255   802.1352507
   724.24583487   606.03546798   538.67332316   525.49198794   557.81706558
   612.25798598   676.81649372   629.8076006    672.43310645   723.71463973
   704.27631736   702.90009792   857.12299214   979.52891255   921.26228638
   680.06808829   670.63804727   674.7149868    532.73348867   520.60772569
   588.18894409   634.04748304   674.0410714    637.60351928   631.88457754
   560.04876616   567.52836354   744.01885307   928.49355787  1041.91914599
   937.91644554   742.36669317   552.68340043   554.04599902   613.74624478
   617.1161762    574.31904229   641.35744025   676.36303065   826.2224361
   799.13309539   767.11829594   780.52625668   726.76949074   627.34250052
   546.03405841   577.22295873   609.46167395   705.29574686   806.10590125
   896.13395651   626.85629672   557.65491358   561.46806272   591.46458534
   558.95406301   544.12806068   544.56863808   548.32067334   591.5433187
   629.48549044   937.06103173   846.66645513   828.60167345   886.59463523
   858.09075405   624.98612365   656.32916167   770.1440355    660.03672797
   565.43775054   540.59482908   562.47499097   567.10810996   600.16254599
   610.3230446    995.75244617   958.92168349   761.66827767   879.1752715
  1010.0870415    994.27108451   900.35103488   829.65128758   753.28677113
   792.50782733   706.5754541    724.08461301   713.79034959   671.59302305
   650.90638462   611.23472317   540.7117449    550.57392266   546.77263403
   551.84511588   563.51473663   565.97204389   570.7385265 ]
[  677.73042008   679.25997764   683.02810915   686.62452933   646.61657112
   605.85294602   583.23385298   684.99854321   703.99278587   697.39431959
   698.52565927   701.63458865   676.14417967   640.79669247   649.35446007
   673.41021889   676.25992706   594.18966638   756.74538818   704.64665147
   689.27330881   697.43802368   700.47530218   682.58924606   675.751496
   688.68624605   695.7732739    695.09069381   687.33207505   701.5395534
   630.46325794   737.8435286    760.80779381   711.7068717    679.48141833
   681.14937062   680.78334793   686.88401962   716.46078614   713.50105735
   723.804004     715.76439602   695.89121434   684.12557654   692.21528334
   691.79509745   705.80473466   706.41365087   710.20600085   695.6819326
   634.56680667   695.80501638   723.59169117   708.77711504   700.66036872
   698.4802232    676.26188217   690.1051433    707.50304471   715.83953804
   735.07264005   729.41389135   696.79222158   700.97980951   703.02018959
   692.74377497   635.08677165   697.37030921   713.40815263   712.66130385
   713.34759702   709.77909941   681.65280439   686.2287704    713.73845406
   717.02659182   718.76984349   768.65429465   743.32810835   710.32973497
   722.10078375   717.48707463   731.70033177   669.24492201   776.09546108
   726.62720851   724.33762298   738.41252309   732.31542789   740.04830261
   734.57442871   728.4644376    751.59306354   745.14168615   721.93038997
   705.82883245   692.13019868   714.97041709   734.04448446   725.98719742
   724.92455688   736.64760637   713.39980218   708.94464165   726.47121041
   705.94735139   949.15292147   871.81271199   781.13413036   783.79871183
   820.20719708   804.09972032   795.99387672   778.7377588    853.23049142
   778.12326822   747.32193819   719.20524341   711.12958096   723.07177119
   723.62633125   933.53762688  1007.6601957    827.580644     826.42948144
   857.67812638   918.58529546   928.34629134   906.1597602    816.04293941
   783.10157372   906.10873182   908.91813807   845.38236897   906.32958157
   884.95845436   836.29316167   759.78541841   753.38644976   698.14863369
   694.60746366   710.37332895   730.65793236   686.65494685]
[  773.25661832   802.58389279   822.17636318   771.79443791   733.91388372
   711.98972488   763.81641267   744.8329895    745.70452071   803.33328231
   827.93653528   772.30983312   727.52354292   770.98737969   760.98769332
   722.25382893   663.99070134   540.36081318   915.43462418  1009.68438531
   843.37448112   972.68993891   978.55903436   859.19239705   911.47018211
   892.67952932   846.4084773    744.30866061   683.7246655    695.85531212
   653.37870084   867.37168435   864.65186038   893.61922875   905.84559199
   796.14922422   732.20170969   813.97722598   917.9398594    944.53749734
   948.69241033   969.77600318   966.76093555  1011.09975332   947.34934931
   902.72964523   789.7426551    723.5241254    694.17075753   691.11167538
   637.08346974   867.45500985   802.70424871   829.86568883   871.27163272
   873.7858059    798.88073561   928.57559649   980.3937133    934.39680317
   836.22105413   809.08465917   849.11444746   732.89267149   702.53811537
   732.11676942   683.49461635   892.94701132   850.87614481   827.01077038
   735.97169909   716.65870771   832.05433188   945.5415268    995.64551614
   941.41946525   871.48143862   770.06212615   705.78949334   758.47291156
   799.82658395   767.12053603   809.78985597   706.15732796   915.03110563
   913.57524216   902.49754554   886.52730671   867.37354349   790.19686329
   666.54677235   678.37823635   707.18998687   785.56962013   855.36104083
   913.87818801   760.65389611   727.93141928   703.60687703   661.39758157
   675.96947755   712.40586264   722.0783294    735.53818925   764.42843347
   761.99958009   864.11898888   837.23891078   862.13728708   887.04368373
   894.44661605   679.87951666   764.99518375   812.33064534   818.26818151
   674.23980087   695.92778984   720.43845509   727.91463735   731.86542708
   709.77712767   783.99517124   839.02325464   755.06670126   785.19714214
   847.44504165   814.17197843   803.70714209   778.29306857   673.2082259
   723.40296137   736.29334352   731.83471878   773.86411737   911.9841311
   768.06205816   673.48242193   648.58277404   653.41188332   678.10698627
   662.61792448   672.72320972   663.20875955   555.77767731]
[ 292.06441344  291.63403358  318.21267569  323.96244602  305.46773151
  254.71353509  237.12668122  233.97370918  244.27009761  274.91206349
  307.6262693   284.90568165  260.22105663  271.41339869  233.49537438
  177.21155355  176.34949436  166.52065376  332.83114739  340.27411402
  295.21404029  313.61391864  357.36766862  320.5593032   300.70450659
  250.11699884  205.59380796  183.14721688  184.14599005  193.54461058
  211.19615533  284.99067568  329.36156846  323.3429986   311.27293117
  241.39563405  203.74033219  229.34748018  237.30701807  297.36153798
  310.5020903   337.76874545  328.69422156  320.37083336  305.88703073
  279.98386324  228.58563932  228.54721878  209.7920235   240.00264033
  236.75589184  261.88475984  237.14173666  251.08591001  278.61576427
  254.65933952  306.72595746  309.0006967   329.98887865  311.81575026
  254.24754782  281.78062488  264.85351265  206.81607115  208.84957893
  228.9839371   216.29041436  228.31338125  229.01345751  226.6469111
  214.21557562  210.66836088  296.65740389  330.94025922  353.85239483
  339.85052321  278.05978617  195.62165437  212.99401991  260.05052638
  246.85135953  222.97521599  246.23220391  221.70259109  301.08887008
  306.03710041  305.078528    311.49171858  289.53787437  240.23990292
  195.11541974  202.72907435  242.31218494  274.6956399   325.74943362
  360.31967568  332.56093667  293.41948044  243.82084652  193.19876285
  188.03694638  183.57472104  186.94207256  192.11001317  198.94776694
  202.33206738  470.06420255  374.9184326   326.29391809  342.1191666
  348.98532244  294.36033321  266.03677047  312.6412162   425.67995175
  250.12843073  184.65700623  178.4905473   185.79353076  203.81435539
  220.62279222  333.23937966  365.96572428  270.30629757  289.11129895
  309.42990217  311.14396278  292.85415499  272.18367547  268.24324657
  293.60152098  236.57817809  244.38553253  340.81885108  447.72098426
  335.69431048  256.67237419  209.85474799  206.91014502  202.11871077
  215.31712322  218.10213068  229.27693181  220.9619854 ]
[ 1512.24045504  1602.48911976  1650.3586804   1609.84706006  1564.72361462
  1518.7256819   1497.53611049  1530.83982034  1514.34096731  1483.81102503
  1540.85037246  1529.37133108  1546.96492739  1520.52468606  1596.28010347
  1656.51035607  1583.23939082  1500.38443646  1511.81991001  1576.20526888
  1545.76935352  1727.54768206  1788.49193122  1630.67462593  1585.57061146
  1585.24045838  1584.87949088  1623.38598393  1579.29191093  1500.02460289
  1425.39276747  1497.86050868  1549.68892636  1595.78785787  1647.23721439
  1638.37294916  1719.36180388  1664.76527831  1636.12241374  1647.37379807
  1664.50240347  1726.59132344  1639.06009188  1593.52875953  1546.88054631
  1538.77090819  1553.94735985  1530.06021536  1524.67377588  1474.4659924
  1291.34765406  1570.59728775  1628.4134098   1690.65610096  1738.89252888
  1740.01225835  1795.42356706  1712.5567008   1701.70493476  1684.12868314
  1634.71582118  1512.11211694  1508.76760639  1461.3736006   1530.75942979
  1509.98720377  1275.77628715  1627.36802034  1681.69834618  1712.86252652
  1723.40916242  1793.3155079   1828.87070847  1776.34993052  1772.71768263
  1742.23231257  1706.52085671  1639.50600449  1552.50557771  1518.10175218
  1483.73863214  1490.19070528  1613.47050277  1374.56925311  1695.41903358
  1665.07653191  1678.13315929  1693.73918314  1713.5563012   1663.53964364
  1598.06044257  1701.95048389  1815.51590367  1862.2491251   1865.90366768
  1898.13603324  1901.50930356  1879.92784361  1820.23154866  1656.12053232
  1619.49761064  1581.80207311  1620.23062651  1622.30469871  1723.64055499
  1666.24413883  2055.86500655  1873.46517206  1648.39310586  1648.17289567
  1749.27569149  1642.03024706  1894.67431482  1873.88753658  1926.02681941
  1706.39089798  1668.7057861   1705.4194314   1688.99226345  1679.50175338
  1668.35738693  2106.49615799  1958.42282708  1719.02654128  1769.89210244
  1836.93952599  1775.78427643  1687.07222437  1544.06801046  1447.91569823
  1553.80588443  1811.91649804  1861.86156938  1879.05583189  1923.80521777
  1863.27899419  1845.81647081  1795.12139992  1759.1796164   1792.57838902
  1824.67042541  1827.31414331  1704.72449782  1367.51061597]
[  848.02262534   890.11439235   906.47927459   886.50707578   858.48188643
   795.43375805   760.04646973   777.38988188   791.43736744   805.13895587
   802.3502118    783.62811892   775.06716292   807.9004367    809.02394802
   755.21616086   690.30765748   653.11746437   950.27174343  1022.28697176
   886.2639368    931.2344679    934.19931725   887.93692459   907.50512886
   913.70213677   864.95927739   804.27139701   679.31353225   685.11467443
   732.08852487   903.00316143   898.01982057   896.4060945    928.75612818
   846.46827527   719.37940582   786.1366669    916.0493066    981.21697689
   996.83448428   988.60877409   958.66656976   971.98516437   954.27060558
   915.1301832    849.37058993   754.77120535   726.97192162   721.86742347
   756.95972685   867.38196963   852.30789764   865.75728492   918.62673086
   915.22347492   766.32874598   914.38266548  1001.85430192   977.17947317
   837.05020033   807.53862539   840.35693306   760.82214485   732.10027928
   766.48929539   765.29391509   902.57504296   890.91331353   876.70409299
   769.02381741   751.7090515    796.22508776   891.20740741   954.95455841
   941.7133533    864.44799639   739.13943492   727.72114699   808.38072001
   808.03891843   794.6879779    862.39148612   817.66511117   934.91565831
   968.76720008   974.06853062   967.25271388   903.80288591   791.62244578
   667.44358753   707.92496069   711.6439463    761.9125544    806.72150116
   864.08288913   756.30656223   712.33896468   668.55870497   620.00343115
   678.20143069   705.93931104   719.84747496   705.28134156   775.76972149
   790.62804029   976.58594985   911.92246366   989.23079135  1024.41774022
   937.02788794   693.86168971   773.09279646   805.6020705    840.30805555
   633.11852939   686.3896182    736.09537463   723.96193731   746.56860776
   719.86499905   983.32955602   892.66147102   814.32301714   901.06016404
   963.4552922    917.03864972   825.67094711   737.26576256   674.86692329
   741.32533682   701.71786471   728.44845975   772.28599805   837.82029598
   732.71705079   625.80608636   619.33363145   627.15668886   658.73026026
   624.76538083   628.76162488   593.13605547   548.66212127]
[ 1186.65394283  1380.5858248   1428.93644338  1349.43736269  1199.73749565
  1056.93755108  1135.75732689  1424.64815821  1572.11774145  2097.66170674
  2131.78534409  1721.07505182  1264.96884791  1310.30835766  1225.79824807
   942.88446728   861.53216551  1257.78463402  1400.94228331  1552.76619184
  1238.09112642  1807.68367876  1764.12154686  1147.64619748  1191.46465449
  1085.17118889   946.16576472   713.06534073   573.67147074   592.46372083
   666.76686289  1262.79416033  1300.34359609  1318.09694974  1232.36218059
   964.48864745   867.7828371   1086.31723283  1365.53344768  1592.38140728
  1760.93353372  1751.49867139  1441.98988369  1476.67157326  1309.94196494
  1166.64087524   891.7959727    791.40451273   737.46014061   793.53323429
   900.6535237   1118.43583803   972.77842516  1021.64126871  1111.08772303
  1081.03850253  1254.10587403  1561.56576764  1748.27509751  1687.767697
  1255.64629442  1165.88285488  1127.41195592   812.21925269   738.09333443
   940.18450888  1149.58816715  1079.39724018   944.26576732   931.52853197
   795.30373702   788.53723166  1360.02210986  1794.90281787  1964.6062789
  1747.39604947  1389.09566226   899.53814875   840.2658085    935.11986814
  1007.09940397   884.38276463   973.05160893  1438.32851272  1479.48834729
  1312.91907834  1219.57619669  1276.97844804  1197.84577008  1102.19117024
  1093.00585029  1160.88667924  1280.95936078  1462.75127338  1622.77368175
  1781.95948276  1210.66243971   976.86107453   826.78233687   670.81755691
   689.56151782   742.91430098   709.35161478   758.20227239   833.21496512
  1077.82879529  2490.71860576  1744.34298114  1377.03541916  1492.96121574
  1606.42126905  1291.90948107  1571.25643274  1670.69446531  1358.71731586
   934.89222828   701.39098295   702.40308555   749.60785361   893.45966146
  1108.32886615  2276.87250684  1516.47367134  1031.5178944   1303.12996637
  1745.67553758  1644.2748224   1299.27881079  1133.71104691  1022.08742355
  1100.30543263  1258.22111461  1305.97900975  1431.50591849  1412.98883634
  1247.73247196  1053.40481154   814.94116344   697.22199002   639.70930662
   649.28738433   707.17001636   857.19091453   891.46729787]
[ 617.66780099  710.72623464  737.44257796  701.37185906  663.53878978
  630.67440491  646.20626629  726.50801508  742.53383252  730.66882594
  673.88488993  577.71179787  554.36199892  622.11787818  637.2676552
  515.37377053  555.3592571   528.10641793  689.57391917  765.57661869
  626.14624551  784.62577207  759.92244795  628.05424704  653.67610351
  649.74977587  578.73055559  520.66437304  542.81514343  566.61798844
  577.3689019   626.23068846  633.72271648  656.33013092  682.21780033
  582.83254758  538.80005051  593.37685643  698.12989267  753.59562367
  772.7017988   763.98745402  738.6049636   755.0803991   689.90353013
  625.88069946  547.27442443  494.10586956  485.53292081  504.93215397
  527.98405435  593.19818575  560.34985962  602.06663842  646.51556378
  656.47839884  613.53981619  729.64306812  796.70593324  763.06604894
  590.53025789  572.077303    579.14251379  505.80549259  501.5579247
  527.31113222  560.94778202  626.29417054  591.39067876  569.39757516
  528.78348957  531.97069716  650.82762871  773.8601416   837.14611968
  771.44307657  655.77354885  498.07908479  494.57324822  518.30616074
  527.47014986  517.20081178  572.955905    599.00139613  717.93347792
  685.18021477  675.14116467  679.18126865  619.82796497  532.97810375
  520.99348327  561.48417135  561.43004435  622.98876374  674.81186164
  740.3701329   561.52906688  510.50083715  485.2254003   515.19384674
  495.98249336  475.64821062  479.29218252  478.45091928  515.95271522
  553.67721416  689.52094365  718.93083657  700.7357411   717.4690723
  678.58973677  508.64429806  564.31698932  641.26571214  549.36694909
  485.231885    483.7417992   493.51163156  495.76248819  504.27938433
  529.45907912  569.38798695  649.52363799  666.19298185  715.96710938
  776.36743096  777.79594918  715.42117893  650.14695826  591.16483265
  646.90164815  605.05388412  628.68886411  585.30203311  566.23825742
  561.21501295  526.21317328  500.9738928   500.08678402  503.70489359
  506.93952217  498.30379478  517.84643703  496.45221403]
[ 442.05943747  491.26801658  509.12993501  502.51174274  475.63104816
  440.68202518  456.11587439  452.00082941  462.57002173  492.89024497
  516.87543927  459.33736129  441.60266604  531.04708443  498.89967646
  387.95740292  336.4319714   374.02003238  475.23559753  534.97932177
  465.36231037  548.5010149   595.27229477  514.34698705  540.71252907
  488.38782939  447.4753596   379.07859311  353.26104042  339.40787098
  386.6369462   427.57279352  445.64975512  464.21264329  472.44924526
  413.53825657  388.53169018  404.55145921  419.97812864  479.76735493
  512.74703668  541.83277612  542.08532688  566.46695104  509.18546047
  477.33356664  401.73091969  363.4743648   342.97216987  366.41276106
  404.20878179  448.24261223  402.23112523  409.45169069  449.70809175
  459.73138571  474.83720082  511.3212757   556.23121888  529.01943111
  469.1278205   443.48751074  439.10736529  376.38337956  344.55799639
  409.30477447  459.15137587  458.89953838  426.0857775   418.33867559
  413.67271568  392.83082938  512.53229941  582.35324557  620.68367419
  584.32939063  531.22521121  385.85331064  357.92625579  398.84347684
  424.12368003  399.26861826  374.08493904  468.67932394  424.96978595
  458.56411441  455.06360852  457.24557265  441.86917728  436.29437757
  419.52844167  456.84601011  447.42343888  496.01241457  548.16768359
  611.92484149  503.30894541  420.71107253  367.54870933  345.34270132
  352.55751733  362.28819236  362.06363907  355.56097199  354.67327019
  403.20307741  469.44104781  443.45183572  454.7114388   469.49198269
  441.88415103  380.5505667   410.19186281  476.4691538   423.36604688
  357.89389585  350.3486155   355.71344602  349.94660923  367.95851559
  404.44508926  441.58280564  489.62367901  424.16470823  473.93671531
  504.99040801  492.11515668  471.30752326  448.85317553  429.87933327
  522.45617921  452.54122704  453.96452281  438.36720215  461.67020076
  421.39534157  413.86952421  385.00517523  392.14652203  385.85686605
  391.23176382  401.94799804  471.16406174  463.30678756]
[ 696.86435414  696.21925109  725.09372689  744.16408527  680.60023291
  579.07657028  526.1647607   581.86362187  604.46449941  669.07215184
  725.91476943  704.35007032  662.31894527  666.14003512  623.84314043
  549.025741    552.79162985  558.15944111  772.3579149   753.00533277
  690.74845227  696.94582047  759.39879455  687.03448033  684.17604269
  647.37619697  622.54545849  536.04062729  526.69766057  568.68589677
  564.55685636  718.81372452  766.55162937  686.96926295  652.5407245
  594.36517737  517.63225456  543.91542724  617.81659576  694.88971152
  769.49654814  773.02904402  724.38268592  719.2218082   709.32397523
  697.82686267  634.72811183  593.01367422  570.79834431  614.48136048
  625.49709652  643.79599728  624.11223119  591.64307043  627.25235351
  620.51785757  611.20219484  686.88382933  749.73532838  756.82242754
  673.59611483  675.84134793  642.95219079  598.21883769  549.84881226
  626.61147971  620.94756107  624.53612065  595.38905631  596.94093942
  576.10449286  549.4044186   643.01227655  719.4059095   783.09357897
  802.72309823  723.28222803  594.73116119  608.62793675  657.36301905
  681.17337996  651.94329758  618.770541    670.71912782  680.04136379
  703.73723912  691.46321088  722.05803894  692.58206537  668.71707775
  630.64372186  634.50414255  669.89588224  689.75631813  710.11088214
  714.32681797  597.13062864  558.12202374  551.23950786  577.10684741
  586.0446282   600.88714203  564.91852284  550.38571699  563.03520521
  592.50802017  856.71401543  786.84936875  782.91383538  825.24146941
  832.04661542  743.46623769  647.69389476  744.28893516  665.39631483
  651.71809967  570.27516866  538.27416694  524.57499696  583.60628502
  594.43429938  857.61461639  860.04299993  711.39243858  802.3096458
  886.95192526  920.30817876  885.57190147  857.1245723   791.59732807
  685.50546705  713.01271531  742.90582194  634.02445775  616.4136755
  665.96062241  694.40416481  605.882906    569.03005899  487.85599753
  490.02190656  528.79905923  579.70349804  544.92731617]
[ 247.35276893  198.55933308  237.52698372  226.43871235  219.29806944
  211.79353518  174.08093855  156.7930622   214.15535989  194.23734144
  167.85152251  152.57660781  113.42721813  131.66063422  160.33013302
  124.97243567  155.2742836   183.87336008  157.80640161   97.81873467
  148.86409988  108.92559492  105.96951733  132.2449783   167.31843319
  154.23650806  126.31904496  137.00052409  113.22351384  140.01212692
  213.47277274  186.56547401  184.08678553  134.27573268  117.48212446
  120.34317107  113.70817333  167.3101065   154.91746787  165.54321331
  131.04075328   99.34327139  153.99359656  166.74884208  169.44524834
  150.30111388  154.10333539  150.49620991  126.90015655  153.71507116
  197.97473266  156.73759312  201.23003383  165.80751447  139.57342978
  103.60928824  159.78869329  215.34407716  158.76932254  112.45318766
   95.90672174  115.03264655  107.53528237  119.10058581  138.89394408
  146.0409782   170.90998725  112.82718937  152.29065506  133.427349
  107.64119234  116.8071258   170.05650496  165.76471262  137.25455976
  116.71553404  103.77310041   83.69669933   96.33184517  108.81795491
  159.9317631   118.81867993  113.41214113  154.90886973  105.16527773
  161.04349785  152.53455498  131.3653163   126.09225203  111.90031223
  100.09878785  119.77226263  147.43169378  164.26263223  157.2886198
  114.26695753  130.87804073  125.7499025   110.25977633   95.61453231
  122.45208962  153.68693774  143.58460053  144.39483402  165.35001876
  164.7062606   168.09392775   90.68016147  122.51262954  110.20607223
   90.7068349    97.40241306  122.92474817  124.12726709   99.96819093
   95.51273178  123.06130957  136.50403163  165.40124717  161.066221
  172.8765421   267.36861526  194.28109987  119.52744512  161.85855736
  169.74672171  149.96792192  191.66099369  200.60838363  219.04293214
  118.6225297   127.39378519  132.69972558  141.87673652  110.193158
  180.43440448  191.56849387  187.83661147  185.8110202   170.16686529
  179.72580194  209.56302023  175.29389219  172.06831947]
[ 497.10943278  485.52283933  479.90504519  420.16630549  420.02098449
  439.9677387   506.16974349  556.9961961   542.94936497  556.88880337
  491.04356152  423.8585421   410.63989455  459.49450101  440.26087075
  376.40406425  402.96633014  394.63425691  479.11952873  547.32028916
  448.7565368   583.25351863  543.03809614  460.10664428  500.63447759
  497.82580185  483.32878739  427.24658812  429.7411556   440.85162419
  398.55735104  466.26848835  465.49816316  485.52468668  474.03569143
  447.53768285  435.87757806  441.57343698  470.43532146  513.13854348
  510.62080358  500.78669423  518.99782021  556.4168025   496.90122882
  470.45615209  430.87583223  409.85289872  404.90199247  410.4184249
  416.69785603  479.11108093  431.16175437  426.22914904  443.52411396
  475.59095925  490.08765306  510.86450239  542.86433054  501.95470329
  472.60160005  471.4501763   464.85157563  424.05938229  406.32679567
  429.19433034  412.32897181  494.42686028  466.24558315  439.87630364
  440.54437908  426.47924536  516.7785462   565.8314914   571.35443622
  511.32645256  480.88647386  461.463936    458.709928    439.40340359
  447.71188547  435.71198134  388.95381345  403.1684508   509.63188675
  480.314514    475.35736383  456.79328507  451.55453415  426.64763113
  466.32774443  418.94986543  423.79999689  461.9417083   531.41925518
  565.71021045  491.78044867  497.73501173  476.89970064  475.13471175
  455.17104044  455.88537517  424.88234444  427.95636924  406.34738871
  394.11254585  609.43313804  537.87135667  455.73828389  460.13422477
  492.55832681  479.31906708  453.58859503  533.92740545  550.03198785
  479.10196637  435.92596751  409.17301741  413.95598182  404.97046422
  395.52273021  525.23739364  540.87350616  489.72874822  473.81671393
  477.31295075  447.83601791  457.45072763  462.17070313  458.28773388
  512.55097684  465.86349772  446.16334455  487.38423491  575.71341008
  508.75821785  483.65077852  462.38575659  480.34057385  454.99434103
  469.87293801  450.71129768  443.45854774  420.08575326]
[ 330.35157505  317.67716266  307.64159015  311.47996894  308.54439674
  306.15404256  321.48205735  361.36846284  326.57546387  315.232626
  298.64737859  284.62005945  270.5408466   308.13632314  300.52525661
  260.94775491  270.70042834  248.62685551  303.44635638  298.78088617
  299.65811581  297.52310979  284.52786311  294.16315364  300.13481565
  281.26686834  264.56589947  256.66012436  253.85264371  251.71491253
  266.02543333  296.85676014  299.96159295  314.50192622  292.49482606
  281.14180498  284.70118365  313.25227677  312.86210712  301.02268406
  292.71220865  294.10750662  296.1195552   303.33904524  301.04432294
  287.64476583  275.60076914  286.99721432  276.03841286  278.79027241
  258.55703646  295.21223193  264.39180014  281.03020159  264.65336559
  267.69098293  296.97416131  298.73730434  293.55366935  288.07457564
  303.4338005   327.31389533  345.02709217  305.94172795  314.17005555
  286.62330119  268.3291982   278.53029545  276.26313534  263.18558159
  266.45417837  259.9295626   272.12298317  269.20616127  266.64042733
  252.66085996  276.96971094  280.12840311  279.04455047  305.34634803
  297.2304213   290.94184284  311.5501859   237.14507931  323.60303781
  301.97328548  292.54445619  281.03246534  288.68152922  300.65910035
  304.15881051  284.55911578  264.59972293  259.77850308  270.35362261
  255.88399559  315.29283646  317.78898806  282.77667066  260.12448727
  261.9321229   258.43951441  265.48738758  276.41156231  275.33416176
  284.64163172  307.65174364  292.8577601   293.71297626  293.41991262
  307.39837503  316.71248702  297.79373826  262.47776704  319.70621698
  277.10713544  254.90326373  246.65559999  255.81470539  264.147273
  297.91437236  292.12461627  294.89985083  288.190281    292.07155669
  280.48721019  276.93465515  264.06346894  264.4770182   279.72944231
  308.30239642  286.34337908  290.34758259  328.27358892  347.32286343
  316.88195959  295.78862567  288.05977274  273.70231172  263.99287106
  268.4799361   259.27896783  283.05960672  268.0456351 ]
Test13num = 144
Test13accuracy = 0.0
