[  687.63532943   922.8582051    745.83613364  1006.43309434   851.08407802
  1124.25913431   941.27390569   920.19984484  1200.51799878   853.52204785
  1168.8350637    991.75289837   735.24146582  1006.72779693]
[ 630.93423234  579.20270768  462.74369901  442.56076441  453.41485978
  461.79946171  522.66675688  529.02954065  492.7710882   541.11877425
  515.24554652  533.30759406  607.91610532  579.13883976]
[ 367.75618844  384.34944071  370.70216813  370.19800556  461.88088673
  484.49641446  463.35693898  475.13727965  480.83557437  509.41384739
  513.35262552  379.17718434  407.70365107  417.71576329]
[ 390.34705102  367.65090741  354.31283769  328.69013021  405.18313369
  378.8289681   412.83097566  423.92041637  390.39770801  381.00286228
  382.3601092   342.71660329  387.57059843  329.42584779]
[ 288.00307671  277.24748173  289.38019919  287.7866914   297.93343572
  312.24087229  331.69182628  325.17902181  328.43115916  335.36585724
  330.16059271  308.32418631  310.30819405  310.4828316 ]
[ 191.21363676  217.87394771  193.53290162  213.89784285  196.86731775
  208.06619467  197.99501674  196.4281022   200.66058353  196.33269481
  217.26864246  235.44319696  229.11011811  234.95002051]
[ 728.13038036  746.64403436  793.42338939  784.69439195  902.93679834
  883.81420313  970.39375601  983.7803155   892.79179189  970.33980614
  868.90607175  767.87106203  853.27016893  750.34167079]
[ 369.50443617  368.93978223  390.89228331  400.93415326  421.24972599
  435.58318113  443.04000152  433.08664189  442.72281323  412.13686391
  419.34748042  380.95772189  402.56104679  399.57234996]
[ 572.35361556  293.04827272  517.90719416  307.69658606  315.38100807
  261.0746933   182.14094962  174.45624949  146.21017505  141.32003853
  309.26648389  147.69895812  289.14261561  283.01059067]
[ 316.60001988  315.41278533  365.47210602  372.8628737   393.12568322
  435.46490149  390.19542527  381.44682995  400.52708211  377.47367976
  372.11289557  341.40346319  327.10060119  377.48987161]
[ 277.17174956  275.3990908   273.78130137  276.35465238  282.42884051
  296.298861    267.95350416  253.92818772  272.60417733  270.82294675
  305.01202284  292.39816289  278.42242797  305.38923018]
[ 398.77869481  412.66626201  428.30356688  422.98867599  462.28490516
  470.26599649  445.86632726  433.42064435  419.03075131  455.72893918
  454.0916632   430.61308032  432.22869998  473.89604979]
[ 393.53206539  400.01181421  382.88187351  377.8197956   396.96079823
  378.85074342  395.06048735  393.26730864  385.69776034  381.10458173
  379.57702243  378.01317514  378.78109052  386.84179193]
[ 595.06859218  627.75636076  567.35465552  561.72964648  507.43830862
  481.95307032  459.15923324  460.17384454  415.78282233  489.06027822
  475.38889141  551.90645401  528.2564497   515.41609093]
[ 288.69385282  267.3449982   301.29719676  295.42054964  274.5895324
  271.69914266  273.14325016  268.36071688  235.59548781  253.80029424
  218.56885413  278.73194809  346.63748864  315.99861592]
Test9num = 14
Test9accuracy = 0.357142857143
