[ 1733.30689374  1738.35601593  1852.12038602  1828.3211103   1789.81209888
  1766.21845209  1891.3240548   1909.67951125  1908.25216731  1892.23879795
  1867.73063217  1840.70430378  1893.84754662  1929.0971153   1939.12785548
  1918.36124277  1733.36118704  1755.60860574  1780.4523816   1794.17555015
  1866.20092377  1809.15894051  1666.97658866  1709.23392838  1734.51786394
  1753.25575969  1805.28331646  1648.04096838  1634.86591091  1690.55285386
  1713.17067289  1716.42895831  1749.03053695  1697.9530299   1713.98202118
  1714.62496546  1757.08749117  1726.87381224  1744.32628487  1864.05144771
  1800.29459781  1761.71744127  1765.65169505  1894.4614631   1900.77290327
  1891.98253049  1883.66327474  1867.17750004  1857.40435079  1773.13478476
  1648.64716512  1865.72659758  1865.97094051  1867.52571744  1885.80630697
  1898.41767342  1889.57434772  1902.95292927  1889.33673277  1731.87109732
  1921.98599803  1785.71514548  1879.07713503  1793.93438998  1899.42511098
  1839.57444229]
[ 459.00832333  496.30056762  440.48792788  498.83251006  479.72261923
  503.14583954  467.25128728  523.66236596  558.50871675  523.57748476
  479.96549454  450.09542425  582.09280884  685.28164372  794.82404
  704.14634321  774.74356393  486.58273186  583.70906482  608.06823322
  672.36076285  716.14744205  465.39035836  601.55906925  568.2435039
  634.35544106  727.79520218  426.75259816  498.86392737  569.29165272
  473.96381158  449.45264608  471.75740256  559.4500477   745.95940403
  661.34272919  524.76437923  488.63174112  622.08735022  555.46993303
  761.40293183  766.60697326  571.58836287  580.7202704   602.25102036
  637.7078135   657.77925961  646.99830515  678.60911945  611.39428221
  712.50995728  562.3647692   501.41192906  481.23055904  553.72748318
  611.70911206  678.42374019  603.35289076  542.30051491  546.38624229
  464.07879783  513.04464161  397.86949611  409.12919089  394.65336949
  467.62874681]
[ 445.04693433  432.16450314  432.81933481  446.26038747  438.98305229
  457.19962923  440.00002061  460.56813775  482.11687411  453.51842961
  434.25180818  440.3660002   487.91548094  545.57078919  597.89992353
  545.56371658  728.63891334  460.18894566  483.93965986  502.73314771
  625.66640512  671.02697873  489.59549612  548.72082749  505.36249534
  508.70436185  701.25761738  463.74900937  493.99250944  555.12039193
  536.42718166  471.74954425  446.12848899  461.39630771  571.22259287
  546.5359028   520.21355869  471.24767496  526.02142401  483.25427235
  568.6306419   565.53198492  483.08148922  485.05541371  485.99427617
  504.03220355  510.86862204  516.21581149  535.09217239  509.82042523
  572.42127141  469.52537114  449.02929953  446.24040021  482.14602292
  507.82009878  549.86719391  504.88628054  492.78762307  513.77546708
  462.57626526  494.99584173  460.08248757  477.93581528  476.54714703
  478.48940009]
[ 605.99721034  613.45498454  631.46791096  623.66351669  604.71911942
  596.43993124  640.97948442  661.78486108  670.40669259  648.13807248
  618.75244216  618.58784404  655.52007503  699.7785735   748.41896034
  702.78536026  727.89908514  624.32242355  622.30593535  634.49448571
  671.77597078  674.28128041  595.56153939  588.1135348   580.79302332
  600.00583562  680.52760972  607.32763058  603.90305582  589.63769845
  561.10017287  585.43299568  608.71885648  630.47195911  680.88974144
  654.18825022  613.54450775  591.02964135  647.21724825  656.90139283
  732.68671112  742.7711566   653.69619573  653.58953354  680.4443927
  710.58974596  729.26008565  729.10517582  699.80055635  680.32865937
  745.2632661   659.72280111  648.78724657  646.23901104  672.75959787
  705.65385096  714.2435772   652.21807855  672.33374304  704.09700886
  632.43045194  670.71770066  631.67501502  621.24542881  643.12092633
  687.56849986]
[ 1115.94679179  1107.69559895  1158.43340496  1130.71706453  1111.5413479
  1113.49769044  1141.78448151  1156.14642516  1161.76470534  1154.09664849
  1155.7462799   1168.29619841  1168.34122283  1202.91634978  1226.15341924
  1195.03520092  1207.50545161  1037.08684661  1039.02589961  1088.98705965
  1137.69320557  1135.70981931   978.50948969   978.1928771   1003.70536238
   992.13582351  1104.6973848   1012.37326737   959.90922554   931.3144712
  1019.64614004  1021.85294497  1097.17220481  1063.86152536  1103.36148589
  1108.23036498  1000.19706785  1048.04102537  1182.43294852  1179.78553384
  1210.86940107  1218.15253244  1153.11633894  1200.3495165   1185.88897319
  1214.38522842  1227.24995632  1216.27455857  1220.38910328  1291.43222372
  1322.66688276  1183.2152679   1162.70278628  1173.9209811   1186.80914621
  1199.36635501  1203.82195294  1170.64507876  1148.98156071  1285.90043687
  1044.42682235  1114.33414263   955.18678959   937.46780322   969.779473
  1035.09708148]
[ 1240.18751075  1230.31086191  1259.32718303  1265.57101826  1259.87593473
  1250.77633321  1260.26913909  1284.68346942  1291.11094799  1285.40801753
  1272.29969348  1270.97550932  1286.41712647  1322.45972903  1337.00350952
  1315.99109158  1274.26283007  1224.24258925  1234.74006896  1253.41584946
  1282.88382107  1270.50543314  1227.2676086   1248.52671044  1242.60113448
  1228.09450869  1251.72474438  1208.38664365  1217.50432899  1256.94971979
  1281.75681233  1226.82642795  1246.01488296  1214.96264922  1220.31368147
  1238.24619631  1250.07312191  1244.74072217  1273.34310813  1302.98494246
  1268.97019935  1258.97196793  1272.22419133  1325.1099553   1310.30451523
  1303.01717855  1307.1185741   1307.07519689  1340.19188623  1346.34058763
  1350.81876765  1309.49126691  1299.319317    1300.14095245  1311.06636977
  1317.13733944  1333.62186757  1300.70052844  1289.26695398  1304.70522468
  1256.50876675  1237.90746764  1212.78026798  1162.3213437   1240.08790474
  1244.02415404]
[ 1767.12010238  1760.17229795  1850.65568114  1835.63359702  1811.54582274
  1797.92087231  1872.49128154  1894.46094902  1895.13267628  1878.80421317
  1860.67584874  1852.44209918  1879.18226848  1916.01547301  1924.04694709
  1905.44313918  1856.62816605  1716.69835278  1731.46000498  1772.44066919
  1886.0820673   1903.80773685  1636.82332603  1624.87947043  1666.44675895
  1680.4524405   1815.38635458  1654.87985613  1604.50496791  1564.49856104
  1633.24217624  1668.65648128  1757.36232711  1705.40665283  1672.2826429
  1671.80029704  1654.76635483  1678.89194329  1768.41252837  1855.74917027
  1807.14566664  1773.50086797  1768.78303447  1879.95704246  1886.31776792
  1899.16479641  1894.09117952  1876.27825798  1874.65566971  1869.94383779
  1764.37882241  1869.12688039  1863.68529129  1870.747594    1884.80124798
  1901.7434399   1902.48703043  1889.91531543  1895.9181033   1854.04043577
  1925.88117638  1863.16617979  1949.11556043  1931.35311129  1955.06529946
  1906.33940769]
[ 1276.35841027  1284.37489292  1360.12863497  1367.59977058  1338.70148803
  1325.11776877  1390.66225746  1434.46624564  1452.97633048  1438.85947829
  1408.27825227  1383.68287317  1427.79004591  1476.58974437  1499.3275256
  1475.1416422   1409.99945312  1313.87371288  1327.05340055  1358.88036081
  1427.43479005  1414.50178643  1223.44710275  1195.62961553  1209.72571526
  1226.85014172  1365.99799231  1266.74217975  1198.85274042  1106.75080862
  1089.74340783  1185.03859984  1353.6763554   1320.99957142  1266.49631495
  1205.12751741  1173.36462689  1224.13223874  1391.37102798  1437.78725734
  1416.16211456  1376.7071201   1358.3767417   1450.46168222  1473.24803667
  1484.13447049  1490.87680891  1475.41210072  1478.37792805  1535.77929491
  1495.03838094  1424.72310613  1428.9599761   1438.91186399  1461.58566135
  1475.61408736  1495.32687932  1426.00356784  1450.30090623  1541.75981608
  1380.42507982  1458.31872986  1344.74069098  1326.15065799  1373.53168579
  1451.06525399]
[ 2178.48108473  2186.46707608  2361.69837272  2380.34177546  2329.87388181
  2276.18082988  2429.57830926  2515.4178699   2532.06666677  2493.84069057
  2433.71283199  2378.8434524   2468.75182444  2569.96525267  2593.65534354
  2551.76785273  2230.38390168  2130.06753369  2188.86567631  2285.73335253
  2436.67041395  2390.69311909  1962.32255693  1927.66055436  1988.04372505
  2050.57079478  2262.79250758  2025.46948911  1934.05828701  1797.26413322
  1810.74664403  1972.36303505  2231.69644205  2169.97661026  2058.70251752
  1985.42703931  1945.89931042  2023.37860334  2219.92218258  2438.28634357
  2385.69439974  2299.15683546  2264.21396748  2487.62256313  2532.06274475
  2564.93615372  2550.80574026  2513.06297367  2486.49213507  2403.30705131
  2172.22231508  2455.08902375  2467.49838238  2488.89909015  2519.26748128
  2545.0137939   2524.59919728  2484.58863919  2477.34791814  2298.0410062
  2523.99668271  2343.52393093  2493.02253296  2377.01027998  2528.40678211
  2486.47987505]
[  519.73490348   525.50656825   516.33010073   534.16529732   511.2963921
   515.05381601   517.33604111   548.44653738   588.27979825   580.42079976
   530.30570284   498.81944134   539.85878475   595.88662717   658.76094455
   648.67148508   749.79918429   549.01528504   570.92581065   581.18323173
   702.12454813   716.01074265   845.6932012    987.27871679   906.04869491
   709.52555361   761.33411102   546.58618115   854.78707779  1078.91158495
  1172.31103793   790.0160635    541.70874882   606.36381477   829.0813714
   916.1150087    867.40178844   735.78611045   573.82951382   581.83869172
   812.06781617   791.95895558   638.79692209   583.65415395   639.89379979
   734.20248837   722.60464794   716.80793323   649.26059254   615.65177547
   617.10104603   541.40931585   551.74639231   572.16296777   612.94890024
   636.11686827   634.18673019   550.68021945   536.61378348   554.29463253
   537.44544637   528.18362598   544.99862418   556.49481374   553.99512988
   568.38935   ]
[ 368.1651373   376.47400296  346.63805298  403.65889689  392.19370361
  399.26436735  370.82063201  412.33317748  428.60140209  399.49421536
  370.91632037  346.22682603  455.28430654  546.7856167   581.72434976
  517.14350439  622.45230005  372.02032961  455.92413519  498.5329807
  542.1379675   592.55707856  396.74012342  554.44206473  503.98853241
  528.42948512  612.52570494  360.49003964  416.65348269  550.73901903
  469.37962452  435.20334694  393.2063534   446.33744099  625.13930783
  558.85598612  503.91221312  438.75849601  508.0979972   454.31593527
  599.52276099  611.2169158   454.54746413  485.76573612  478.58397047
  510.36544078  517.89230502  498.91522281  519.11476505  495.81056918
  536.93277711  443.60262152  397.49003203  408.54807138  446.3233053
  485.41180319  515.52475391  478.13002069  444.13221361  444.84264519
  397.82393197  387.6736503   375.53045538  393.68677747  372.03190286
  401.50720315]
[ 379.24615622  330.96716589  334.17009175  368.90847928  325.52974385
  303.97252409  315.87789474  411.45636982  496.97898345  481.02845898
  362.33240838  331.7363845   363.78399173  574.35097976  714.7115561
  655.85619852  719.35714015  289.6665848   362.93298348  504.71881744
  652.93420446  685.43735643  360.23107067  486.46054314  488.22540742
  570.17597577  700.09417752  331.0466858   450.9114025   621.63231273
  556.97565541  419.85357043  387.7490243   503.62286575  641.40511298
  624.4355124   527.13560751  394.1462335   459.52902966  475.16777503
  653.35935012  668.08979983  543.33772451  464.80293058  548.39848755
  568.73851901  599.91235155  597.74223793  627.46588765  531.62244623
  453.34638503  361.05396585  395.39588987  408.48560812  504.31753429
  567.09091314  620.46793796  428.24619267  434.23079331  430.11263426
  370.6212727   363.6399965   408.49063145  412.39053329  432.01881713
  408.18614299]
[ 1415.20128167  1429.02722447  1553.68741768  1561.78187184  1512.83995129
  1470.9060644   1594.96229942  1649.79891727  1669.34320654  1652.52330344
  1607.99111256  1562.29911251  1623.51524623  1696.56616239  1733.20206107
  1702.31733902  1444.08543044  1436.67445345  1479.07534216  1523.01166721
  1622.61935556  1542.00209076  1345.42461847  1357.37255469  1369.14612394
  1371.02574159  1500.34021451  1337.88251963  1317.5354502   1297.49270554
  1313.58537721  1322.1568585   1479.19662061  1455.69039945  1444.54598278
  1402.38158199  1362.23908883  1357.4596712   1473.58171786  1622.71428573
  1639.8252482   1590.90576159  1528.12148165  1652.1566042   1696.54256488
  1735.64796213  1738.72167317  1703.78219984  1675.77604154  1603.66668853
  1472.45171284  1624.85561718  1635.66271738  1654.03314546  1683.88368377
  1703.5292885   1692.40102127  1626.40686878  1613.63892359  1530.50234414
  1578.40445444  1479.08317357  1484.20684693  1370.5802634   1517.27840337
  1465.14636235]
[ 1192.06465482  1182.61152777  1224.55480067  1235.76693935  1211.90978289
  1172.61451361  1230.68416152  1269.64034218  1280.51095312  1252.5860479
  1217.51594191  1199.19285276  1233.49592639  1311.39248664  1366.00683048
  1321.58403247  1075.7331821   1093.94433382  1135.36939294  1186.31995435
  1214.25100994  1166.75807945  1131.24867931  1164.47255554  1184.87239693
  1209.27401505  1157.58498665  1094.57881082  1157.21929107  1228.8159026
  1280.44328371  1205.84148721  1122.61119822  1158.05765733  1195.71089744
  1232.5431569   1235.50989108  1172.37847946  1077.55154038  1197.76293604
  1241.17226916  1243.22234414  1175.93683196  1224.08771164  1258.62531233
  1266.00271984  1277.34408587  1265.6737981   1235.85606171  1086.23951892
   975.47847903  1212.35689047  1223.38622578  1221.98203657  1253.09743001
  1281.23711766  1245.9239596   1257.47172676  1199.3014163    995.47177583
  1310.28310385  1050.5934483   1334.96251228  1249.02796643  1316.94525607
  1137.82234737]
[ 1183.36755666  1185.75375295  1172.32612519  1204.91556842  1214.62496154
  1199.31865055  1169.92120454  1206.84868413  1206.69549555  1195.58248526
  1189.3066539   1195.23749016  1228.71607339  1269.32318217  1280.24893442
  1238.53091716  1253.25397707  1217.3353964   1248.44040167  1234.0117144
  1195.10063307  1202.36204038  1310.46858639  1380.06739513  1331.02396544
  1290.90244064  1220.37577532  1235.18306673  1323.06214675  1427.82753695
  1421.35640622  1293.17375107  1207.91162204  1229.19871869  1316.2445221
  1354.74157921  1389.87971914  1317.57617441  1226.42530173  1227.97964584
  1210.56865151  1233.89979206  1246.74823295  1261.16871168  1217.80351227
  1183.53373793  1196.1603583   1211.20585819  1278.23274738  1289.64679015
  1331.78588588  1260.87702172  1225.23204803  1212.36609424  1219.59393339
  1229.41759317  1254.21382735  1233.0960655   1193.80440757  1224.05426656
  1137.53771617  1121.76714158  1068.06705791  1027.1973892   1080.61777975
  1083.52487748]
Test16num = 66
Test16accuracy = 0.0
